"Y500U100_001"	"Y500U100_002"	"Y500U100_003"	"Y500U100_004"	"Y500U150_001"	"Y500U150_002"	"Y500U150_003"	"Y500U150_004"	"Y500U200_001"	"Y500U200_002"	"Y500U200_003"	"Y500U200_004"	"Y500U200_005"	"Y500U200_006"	"Y500U200_007"	"Y500U200_008"	"Y500U200_009"	"Y500U200_010"	"Y500U200_011"	"Y500U200_012"	"Y500U400_001"	"Y500U400_002"	"Y500U400_003"	"Y500U400_004"	"Y500U600_001"	"Y500U600_002"	"Y500U600_003"	"Y500U600_004"	"Y500U600_005"	"Y500U600_006"	"Y500U750_001"	"Y500U750_002"	"Y500U750_003"	"Y500U750_004"
"YKL060C"	151	195	188	184	263	225	156	148	221	201	187	194	186	120	158	131	330	325	272	172	243	149	153	104	275	259	302	294	229	238	210	143	120	115
"YDR155C"	154	244	237	232	165	213	145	154	190	187	215	189	210	130	155	144	220	215	194	172	203	147	150	138	177	174	197	193	178	183	189	139	135	141
"YOL086C"	64	89	128	109	161	162	138	159	116	119	139	114	139	119	160	149	319	271	141	93	184	146	165	140	218	214	189	179	227	221	118	119	127	131
"YJR104C"	161	155	158	172	132	140	89	103	164	165	161	184	160	97	98	98	268	272	164	127	152	100	98	98	248	241	186	192	147	152	155	99	106	93
"YGR192C"	157	161	173	175	120	110	82	97	177	164	176	174	123	86	100	109	174	167	179	169	126	96	110	96	140	145	131	132	148	145	125	99	101	86
"YLR150W"	96	109	113	115	101	151	75	83	119	121	141	124	157	88	113	100	121	145	153	118	135	95	109	78	120	125	120	111	108	115	134	77	84	84
"YPL037C"	23	28	27	27	98	100	116	95	48	44	34	36	58	61	83	67	237	219	75	31	113	93	107	50	110	111	143	140	153	143	97	85	84	75
"YNL007C"	53	58	64	63	62	92	59	60	66	70	78	64	88	54	62	62	78	91	66	65	93	63	61	54	80	85	70	73	81	82	85	53	59	50
"YBR072W"	52	53	54	44	49	64	45	44	73	62	67	75	92	49	59	55	89	97	62	47	73	60	60	53	72	71	77	73	63	68	81	52	61	52
"YDR418W (+1)"	76	53	62	74	53	52	43	45	63	65	67	68	57	42	49	48	111	125	83	59	72	53	50	42	74	70	94	86	64	70	66	49	46	47
"YAL005C"	68	67	70	67	69	68	57	68	54	60	62	65	59	64	61	64	60	61	65	68	64	60	62	61	62	58	58	57	64	63	58	65	56	55
"YER165W"	41	45	44	47	37	40	44	40	48	51	52	44	39	40	40	41	55	68	48	47	49	44	50	40	49	48	43	52	50	57	45	36	41	38
"YLR167W"	33	36	45	42	57	42	33	36	48	51	52	44	30	33	32	34	74	66	70	52	33	37	38	37	62	71	50	45	37	42	31	31	34	30
"YLR259C"	49	50	57	60	43	58	41	53	54	63	55	53	60	49	48	52	57	64	55	57	54	49	48	43	58	59	57	59	54	53	58	47	47	48
"YPR163C"	38	44	47	34	45	45	40	45	46	45	44	53	47	46	48	44	42	42	46	45	44	48	51	38	54	51	43	57	39	44	43	46	44	49
"YEL034W"	39	48	39	45	38	47	38	38	46	45	51	42	74	37	42	43	48	58	37	32	65	42	47	37	44	35	43	45	50	52	68	35	40	37
"YOL121C"	42	43	48	50	42	53	34	33	44	45	50	41	44	42	43	38	48	59	47	43	44	38	44	39	45	44	51	47	40	42	38	32	33	31
"YBL087C (+1)"	26	37	42	35	37	32	27	30	60	57	53	45	30	26	27	26	83	74	71	65	54	29	31	27	70	56	69	70	38	36	35	28	30	25
"YER074W (+1)"	23	31	38	43	21	32	29	36	48	50	54	43	44	32	41	44	42	59	52	32	54	35	39	36	47	58	40	49	50	50	56	36	36	41
"YDR353W"	24	37	35	29	54	44	34	38	43	45	43	33	38	36	47	45	46	59	35	32	49	43	49	42	43	49	53	49	44	45	41	42	44	42
"YJL041W"	39	43	43	33	45	28	37	44	37	42	41	43	28	43	53	59	38	42	41	36	25	46	49	44	34	36	38	37	37	34	23	38	42	40
"YAL038W"	33	35	38	41	36	42	35	40	44	49	46	46	38	39	40	44	51	47	36	30	49	44	44	38	54	54	43	52	55	49	49	42	37	37
"YJL191W"	33	38	45	44	34	44	27	36	44	48	45	37	47	37	35	34	40	48	44	32	49	38	37	34	40	40	38	39	42	45	49	36	37	34
"YOR230W"	33	35	40	41	40	40	36	35	45	47	50	35	51	34	36	34	35	46	40	28	48	37	40	39	36	43	39	32	44	51	47	33	36	35
"YBL047C"	39	40	41	38	39	34	42	44	41	35	42	41	38	40	40	37	34	40	39	40	36	43	35	31	31	34	38	36	37	37	35	37	41	35
"YGR209C"	26	34	35	30	34	46	32	30	31	33	37	30	41	27	34	34	68	65	32	34	54	36	36	23	32	31	66	60	66	74	46	28	27	26
"YAL044C"	39	36	31	31	41	61	36	32	38	34	34	39	50	30	32	32	57	48	37	33	49	36	35	32	47	40	55	45	41	46	52	35	36	33
"YPL154C"	24	31	33	26	24	34	26	34	28	31	29	29	31	28	29	33	64	60	39	34	35	31	29	30	57	51	49	48	36	33	41	38	36	34
"YNL135C"	37	27	39	39	19	43	14	14	30	22	34	32	59	16	15	17	27	30	33	29	37	16	14	17	27	28	28	30	34	37	34	14	14	14
"YLR325C"	19	28	30	24	20	25	19	24	30	28	33	31	31	24	28	27	25	32	28	22	31	24	28	26	24	26	26	29	23	27	32	23	25	25
"YJL020C"	35	32	38	26	29	26	29	23	28	34	33	31	23	26	34	33	36	37	30	33	26	25	30	27	31	28	41	35	30	31	27	23	34	22
"YHR193C"	21	31	32	31	28	39	30	26	36	35	36	30	55	32	30	31	29	42	34	30	56	33	40	25	29	34	27	31	35	43	57	34	31	30
"YOR122C"	24	26	26	29	24	26	25	25	31	27	32	29	31	25	21	23	35	39	26	20	29	24	25	20	28	30	27	32	30	36	25	24	20	22
"YBL058W"	29	29	37	34	37	40	26	30	30	30	32	35	36	33	31	33	29	35	37	29	32	33	34	31	32	30	33	33	33	34	34	29	38	25
"YKL152C"	31	34	33	37	28	32	26	31	27	33	26	31	30	24	25	27	25	25	36	26	25	29	26	29	28	27	26	28	28	26	23	25	22	25
"YNL208W"	15	12	18	13	34	30	27	25	34	31	26	37	21	22	19	15	96	81	54	30	36	21	19	15	77	72	77	75	33	31	31	26	27	18
"sp|P02788|TRFL_HUMAN"	13	11	8	6	15	8	14	18	17	12	13	21	11	22	17	16	17	16	18	28	21	38	38	37	67	54	62	62	64	53	51	56	58	69
"sp|P02787|TRFE_HUMAN"	8	10	11	10	11	8	13	17	22	21	22	16	16	22	26	29	14	22	20	18	30	40	49	41	50	58	55	53	49	55	51	60	55	52
"YCR088W"	36	37	31	32	28	32	32	29	29	29	26	30	29	26	30	25	30	35	27	30	27	22	31	26	29	28	31	29	26	29	29	23	26	30
"YLR262C-A"	18	23	34	35	19	29	20	30	40	36	36	25	35	32	32	35	27	38	32	21	35	30	34	34	27	28	18	26	23	24	24	20	24	21
"YKL085W"	19	31	23	23	28	37	32	31	30	24	30	29	28	32	33	30	32	36	30	28	39	28	35	28	30	26	35	33	42	37	33	29	31	25
"YLR335W"	21	26	23	31	26	19	24	28	25	25	34	29	25	26	31	28	28	28	27	25	22	23	27	22	26	21	24	28	17	21	20	20	25	26
"YDR050C"	22	22	25	24	23	29	17	22	30	31	28	30	31	22	22	27	31	27	25	22	32	24	30	21	29	32	29	24	27	32	37	24	23	26
"YCR012W"	23	30	25	26	23	23	26	27	33	30	38	28	21	28	35	32	30	41	30	24	23	28	29	26	27	32	27	28	30	32	25	29	29	31
"YOR285W"	14	25	18	23	22	26	23	20	24	26	25	29	24	23	20	22	31	45	27	21	37	28	26	26	34	37	29	32	33	30	33	25	22	28
"YDR382W"	20	20	46	37	25	31	22	23	27	27	61	25	27	22	21	21	46	38	61	66	34	26	22	20	37	41	35	30	35	39	30	26	24	22
"YPL249C-A"	26	24	27	24	21	28	25	24	30	28	31	27	36	20	26	28	32	32	29	27	30	24	24	23	37	37	36	36	28	24	32	26	24	25
"YDL075W"	25	26	29	25	27	26	21	26	31	29	27	30	30	24	22	24	27	36	25	23	30	21	24	23	34	29	32	36	28	27	35	27	25	23
"YOR298C-A"	24	25	27	31	18	26	13	22	32	26	29	28	34	21	27	27	27	27	29	21	26	27	21	23	22	27	25	23	21	30	23	17	23	19
"YDR226W"	19	24	27	24	28	23	21	25	37	38	37	36	24	25	29	28	27	35	26	19	31	29	29	25	30	31	23	29	34	29	32	25	30	22
"YLR257W"	22	28	31	27	27	27	22	26	30	31	33	25	30	26	28	26	24	33	28	27	36	26	27	25	27	27	28	30	29	33	29	27	28	23
"YDR381W"	23	23	23	24	26	25	21	18	24	24	25	22	31	22	22	23	29	34	27	24	30	22	22	19	32	30	28	36	25	27	36	25	25	24
"YMR142C"	17	21	22	21	17	19	18	21	19	18	24	21	26	18	21	20	30	18	24	19	25	18	20	16	30	21	21	23	24	26	26	19	19	18
"YBR031W"	23	20	22	20	24	26	24	29	27	25	16	24	22	25	23	22	25	14	25	20	27	24	22	25	20	25	25	25	30	21	21	20	23	24
"YJL136C"	11	12	16	16	19	21	19	17	15	15	19	12	16	17	18	20	57	39	20	17	24	21	22	17	47	42	33	27	34	29	22	25	22	19
"sp|P02768|ALBU_HUMAN"	8	8	2	4	9	5	11	13	7	10	8	8	6	15	13	17	12	14	9	15	17	29	25	33	40	30	34	41	43	41	34	40	40	39
"YPL085W"	19	12	21	19	17	14	16	24	19	20	22	19	11	17	29	24	24	24	16	27	12	23	28	20	19	18	20	24	19	19	12	22	22	18
"YPL028W"	23	22	19	26	22	24	19	21	26	26	23	24	21	22	22	22	23	24	23	21	23	21	20	22	23	21	19	24	24	23	23	21	19	21
"YNL209W"	21	19	20	16	21	20	21	20	21	20	20	20	18	19	29	24	22	22	17	15	23	25	26	22	22	17	22	22	21	26	22	22	25	23
"YOL123W"	20	27	26	24	15	18	22	22	25	21	23	27	21	25	24	22	20	18	21	23	18	23	22	25	22	18	19	23	18	20	18	23	25	23
"YHR146W"	19	20	19	25	24	17	20	26	23	23	24	22	21	24	22	25	16	24	19	19	21	23	21	24	20	26	21	23	24	25	22	25	24	20
"YGR155W"	21	17	23	22	21	19	20	21	22	23	19	26	18	23	23	26	18	18	20	22	17	23	23	23	19	22	16	17	12	18	11	26	24	24
"YKL056C"	16	19	17	19	15	19	17	18	19	22	17	21	20	16	17	19	15	18	19	17	19	19	18	19	18	17	18	16	17	17	18	18	18	18
"YLL050C"	15	16	19	18	14	23	11	16	25	24	19	23	25	17	14	12	38	37	22	21	23	14	15	13	30	30	26	27	25	25	28	14	16	13
"YMR173W"	18	21	17	23	26	24	20	19	24	23	20	21	22	19	19	21	21	22	22	20	26	17	20	23	15	20	20	22	22	21	24	18	20	15
"YLR344W"	18	13	13	18	16	16	13	12	15	17	21	13	19	11	15	16	9	16	17	12	15	16	17	14	16	12	14	14	13	13	15	11	14	11
"YKL117W"	15	19	17	16	18	20	16	15	20	21	22	19	23	12	16	18	18	16	18	14	21	17	15	18	19	18	17	19	19	14	21	17	14	14
"YAL003W"	10	11	14	7	23	12	14	14	17	13	10	16	13	11	8	8	52	48	30	14	5	11	16	11	58	41	37	38	13	20	11	9	9	7
"YBR118W (+1)"	9	11	14	15	15	15	18	18	16	18	20	15	18	18	14	15	13	17	16	12	21	18	20	18	11	19	17	13	24	23	18	20	17	20
"YOL109W"	15	16	17	16	17	20	18	14	17	20	20	18	22	16	17	19	18	22	16	14	18	15	14	17	17	15	13	15	18	18	19	16	16	12
"YOR027W"	20	21	15	13	18	17	21	20	14	19	20	19	13	16	24	21	20	17	15	14	13	16	20	20	17	18	19	15	16	15	11	18	16	19
"YOR042W"	17	20	20	19	18	18	17	18	19	16	21	17	19	17	17	18	19	17	20	19	18	16	19	18	21	18	21	20	16	17	19	14	14	14
"YEL037C"	14	17	21	19	17	14	13	17	21	18	21	19	17	17	15	17	21	17	23	20	14	13	13	14	16	16	19	22	16	18	13	15	16	16
"YDL173W"	14	16	18	22	12	15	13	18	26	24	25	21	24	22	20	20	9	21	18	8	20	21	20	20	17	21	11	19	20	20	18	16	15	19
"YER122C"	18	21	20	18	16	15	16	15	18	19	17	18	14	16	17	20	18	19	16	14	15	16	21	14	14	16	17	14	15	14	13	13	14	15
"YDR447C (+1)"	17	14	14	13	21	19	15	15	20	21	20	16	19	14	18	19	14	15	16	13	19	17	14	13	19	18	16	17	17	16	17	16	16	16
"YIR006C"	15	16	18	17	19	13	20	20	13	15	14	18	13	16	18	17	17	11	14	13	18	20	16	17	12	10	13	12	14	15	12	17	14	15
"YJR045C"	18	14	18	17	19	9	13	14	18	19	19	15	16	15	16	15	11	15	16	13	17	14	13	13	15	13	11	15	14	18	15	14	13	14
"YBR286W"	10	12	13	13	16	17	15	15	13	9	17	13	17	14	16	18	5	14	15	12	18	15	16	13	11	10	11	11	18	17	17	13	15	14
"YBR048W (+1)"	10	11	8	8	12	10	9	9	8	10	8	11	9	8	10	8	11	13	11	8	10	8	10	10	5	6	9	9	6	7	9	7	7	9
"YNL015W"	11	12	17	18	11	17	10	16	16	18	17	13	19	14	11	10	12	18	15	10	18	13	12	14	14	14	14	13	19	18	14	13	16	13
"YDR385W (+1)"	14	14	16	15	15	10	14	16	16	21	21	12	9	15	17	14	13	18	12	9	12	14	16	12	10	13	14	13	14	17	10	13	15	13
"YGL031C"	14	11	10	10	12	13	12	10	10	12	12	10	10	11	17	18	16	15	10	9	14	13	15	11	13	11	16	12	11	11	14	13	14	13
"YHR174W"	15	17	13	14	13	13	21	18	14	17	17	13	12	18	14	14	16	22	12	9	10	21	18	17	15	12	17	11	14	18	9	19	14	18
"sp|P04040|CATA_HUMAN"	6	5	5	3	7	5	11	4	6	8	10	8	6	7	9	9	8	8	11	11	14	15	16	16	29	26	22	27	26	25	22	29	23	27
"sp|P06732|KCRM_HUMAN"	6	3	5	2	4	5	10	7	9	6	6	11	7	12	11	13	7	4	10	6	14	17	18	15	20	22	17	20	22	29	21	32	25	25
"YJL189W"	5	9	6	7	7	10	10	8	10	7	10	11	13	9	12	11	17	14	20	10	13	6	13	9	11	13	17	15	12	11	12	5	9	10
"YLL021W"	13	16	17	16	16	10	11	18	16	13	18	14	7	17	14	20	11	14	11	14	8	17	14	16	14	10	11	12	11	15	10	13	13	14
"YDR487C"	14	16	13	13	12	20	21	21	12	16	16	12	12	19	16	14	19	16	15	9	12	14	15	19	19	12	19	19	15	16	11	14	15	12
"YLR192C"	12	11	15	15	13	14	14	16	14	16	18	12	15	12	17	13	14	13	12	12	10	21	16	17	14	11	10	13	19	20	12	17	16	17
"YHL015W"	10	13	15	11	10	16	8	13	14	12	14	12	14	10	10	10	18	15	14	16	14	9	8	11	15	12	14	12	12	10	11	10	13	12
"YBR127C"	13	15	13	11	16	11	15	12	10	13	14	11	14	12	9	12	16	15	12	12	14	12	10	12	12	12	12	8	14	14	9	12	10	12
"YCL028W"	19	15	18	20	16	13	13	12	23	16	17	16	17	14	12	18	15	14	14	15	18	16	14	15	13	15	13	14	21	16	16	11	14	16
"YGL123W"	9	10	11	11	14	12	12	15	7	11	13	10	8	13	11	12	15	17	11	5	12	11	11	9	12	10	14	13	17	16	6	8	15	8
"YEL060C"	12	13	13	12	13	15	14	13	10	13	13	12	15	12	11	9	11	13	14	11	15	13	11	9	10	13	11	13	10	15	14	8	8	10
"YHR021C (+1)"	17	11	18	18	10	27	9	10	15	16	14	15	29	10	12	14	16	18	18	16	19	11	13	11	15	14	19	15	16	18	18	12	13	9
"YLR337C"	14	12	14	14	13	13	16	13	11	14	14	14	11	12	15	18	13	12	13	15	10	16	15	14	10	10	14	12	7	7	10	12	11	18
"YOR136W"	8	9	9	8	16	13	13	12	13	16	12	14	15	8	11	9	24	30	14	9	13	14	13	9	18	26	16	24	13	13	16	12	14	10
"YDR454C"	11	13	15	14	12	16	15	10	11	16	14	16	13	11	13	12	12	10	11	9	13	16	9	11	14	11	13	14	11	12	13	15	13	15
"YFR032C-A"	6	10	11	9	8	15	7	7	13	10	9	11	18	7	6	8	10	12	11	10	14	8	8	10	11	10	7	10	10	11	13	8	12	8
"YLL024C"	18	17	13	14	15	18	15	17	11	12	11	11	12	14	21	14	13	19	15	10	15	14	14	14	11	13	11	11	17	17	11	16	15	12
"YNL071W"	13	16	12	13	11	10	9	12	12	14	13	12	11	11	12	11	8	11	12	12	9	14	10	13	11	9	8	9	9	10	8	11	11	12
"YGR162W"	12	11	16	15	9	11	14	11	14	13	15	10	5	11	13	13	13	10	11	11	12	13	12	12	11	10	9	10	9	15	6	12	13	11
"YER003C"	12	15	11	7	8	9	9	10	13	10	8	15	11	13	7	11	11	10	10	11	6	10	7	12	11	11	14	12	13	10	7	10	9	11
"YLR355C"	11	5	11	12	13	13	9	13	9	10	11	12	9	15	18	11	11	16	16	11	13	13	18	13	7	14	11	9	17	18	15	16	18	14
"YOR197W"	16	16	16	14	18	12	13	12	15	18	16	13	13	16	11	13	18	11	14	16	11	12	10	13	17	17	13	16	13	10	12	11	9	13
"sp|P01008|ANT3_HUMAN"	6	1	2	2	4	2	9	5	8	6	4	8	2	8	5	5	6	5	4	8	5	17	17	17	18	18	17	15	16	13	12	22	22	26
"YIR003W"	16	15	13	15	8	10	13	11	12	11	13	11	7	13	14	15	9	12	10	12	7	12	12	13	12	7	11	9	14	10	8	7	11	10
"YFL014W"	12	14	16	15	14	10	10	13	17	15	13	14	15	11	10	9	14	13	15	17	14	13	9	13	15	17	12	17	12	17	13	12	15	14
"YGL105W"	15	14	15	12	10	7	14	8	12	14	16	10	13	8	13	12	9	11	12	12	13	11	14	10	9	8	8	9	13	15	14	9	14	11
"YKL054C"	14	12	11	7	12	13	12	12	8	10	11	13	11	13	10	13	9	8	13	12	12	11	11	11	11	11	15	13	6	8	10	10	9	11
"YDR510W"	10	10	11	11	13	14	10	8	15	14	11	11	16	14	13	14	15	12	12	11	17	13	13	12	15	15	12	14	13	11	16	12	13	11
"YNL096C"	6	10	8	6	6	8	8	9	10	8	13	8	9	8	10	11	8	5	7	7	7	8	10	8	7	8	6	8	10	8	6	7	7	8
"YJL076W"	5	11	15	13	5	2	7	10	13	12	19	11	7	11	12	13	8	12	11	13	11	11	13	13	10	10	11	12	7	7	7	10	11	12
"YGR167W"	12	11	12	10	10	11	8	15	9	11	9	10	8	11	15	13	11	8	8	12	8	10	13	10	9	10	8	11	7	8	8	11	13	9
"YMR038C"	12	13	10	9	7	9	14	10	13	10	14	9	9	10	13	17	10	13	11	7	12	13	14	8	14	12	7	13	12	12	12	10	14	14
"YLR304C"	8	8	8	9	9	3	11	10	10	10	9	13	9	11	15	10	10	11	10	7	5	10	10	10	7	6	12	10	10	7	7	11	6	11
"YNL173C"	13	10	8	7	13	11	12	8	10	9	7	9	13	13	11	11	9	8	8	12	11	10	9	10	10	9	11	11	7	9	9	12	8	10
"YGR178C"	13	11	12	12	11	7	12	13	16	15	11	13	13	14	13	11	7	13	7	9	7	12	13	11	6	6	8	9	16	14	7	13	10	13
"YOR220W"	14	14	10	11	14	10	13	13	14	11	13	15	12	13	14	14	12	13	13	12	12	10	13	10	13	12	12	11	14	14	13	12	12	13
"YDR348C"	14	13	11	12	14	11	14	12	13	13	11	13	11	12	11	13	9	11	13	15	9	14	15	12	11	10	11	14	15	14	11	12	13	10
"YNL160W"	12	11	13	13	9	11	10	11	11	11	11	8	11	13	10	12	13	15	12	11	10	11	11	10	12	13	12	13	12	13	9	9	11	10
"YML078W"	11	12	11	8	12	15	11	11	10	7	9	13	12	11	11	11	11	9	12	12	11	10	10	9	7	8	14	7	8	7	9	9	6	10
"YGL189C"	9	10	9	9	8	15	10	9	9	8	10	10	13	9	7	6	13	13	13	13	14	8	6	7	11	12	11	13	14	12	17	7	7	8
"YAR071W (+1)"	5	4	4	3	7	8	8	5	4	6	6	3	6	6	7	6	8	7	6	5	10	5	5	6	5	4	8	8	8	6	5	8	7	4
"YMR116C"	9	7	10	8	9	7	11	9	5	5	5	8	6	10	8	9	7	6	8	9	6	8	7	12	6	6	4	7	11	12	8	7	7	7
"YJR105W"	10	12	11	12	9	9	13	10	13	14	12	10	8	10	12	10	16	13	11	11	10	15	13	10	13	11	12	13	13	15	11	11	10	11
"YOL040C"	11	9	7	9	10	9	8	10	11	7	10	8	13	9	11	11	10	9	9	9	12	10	11	10	10	7	7	9	9	10	12	8	8	9
"YDR304C"	7	8	6	7	9	2	9	9	11	9	10	11	4	5	11	13	8	10	10	7	7	8	10	8	11	11	8	12	9	8	9	13	11	10
"YLR179C"	15	13	13	11	16	18	17	10	8	8	8	11	8	11	11	9	18	11	7	12	9	9	10	9	10	6	11	10	13	14	8	10	9	10
"YLR044C"	13	12	9	7	11	8	18	16	9	10	13	9	8	13	12	9	13	10	9	9	9	8	10	10	8	9	14	11	7	8	6	11	13	10
"YHL034C"	8	8	6	7	7	5	9	11	9	11	12	6	7	7	12	12	6	9	7	7	8	10	7	8	7	6	10	9	9	12	4	8	8	11
"YDL208W"	7	6	8	7	9	4	10	8	9	12	12	10	7	7	8	10	3	6	8	10	8	9	9	7	6	7	9	3	7	5	7	7	11	9
"YPL143W"	9	7	8	8	6	10	8	6	5	9	7	7	7	5	7	8	7	6	6	8	6	4	4	8	8	6	9	9	10	7	6	7	5	6
"YLR043C"	13	13	14	13	10	16	6	8	11	11	10	9	15	7	8	8	14	10	12	15	15	8	9	10	12	12	13	12	11	11	16	9	8	9
"YJR016C"	6	8	7	7	5	6	11	10	13	12	11	12	3	10	13	9	4	6	12	6	6	14	14	9	6	5	5	7	12	8	7	12	12	11
"YAL012W"	9	10	8	13	8	9	12	11	10	10	10	10	8	10	10	10	9	12	11	10	10	10	9	7	6	8	9	8	8	10	9	8	10	7
"YNL016W"	7	7	8	7	7	9	5	8	8	8	11	7	12	5	7	6	10	12	8	9	9	6	7	7	7	5	9	9	11	7	11	5	8	6
"YIL051C"	9	8	11	9	10	6	8	11	11	10	11	9	7	12	13	12	12	12	10	7	7	13	12	11	10	12	10	10	13	13	8	10	12	8
"YLR180W"	10	7	9	10	5	4	9	8	9	8	5	11	6	10	6	8	5	4	6	5	5	8	6	11	5	4	4	5	9	10	5	8	8	8
"YHR097C"	11	9	11	11	8	7	10	11	11	12	12	8	6	8	8	9	7	11	10	8	9	7	8	8	6	8	5	10	7	10	9	9	7	8
"YNL281W"	8	8	5	12	7	7	7	9	9	10	9	6	7	8	8	9	9	14	8	8	7	8	11	9	6	7	6	5	9	9	9	8	10	8
"YMR295C"	10	5	6	6	10	10	9	8	8	4	7	3	8	8	10	8	18	14	5	3	8	7	8	8	9	7	12	9	12	8	7	8	8	8
"YBR191W"	8	7	8	6	10	10	9	8	7	8	7	9	9	7	10	9	10	9	10	6	7	11	9	9	12	10	7	9	9	10	10	8	10	10
"YOR020C"	8	8	9	8	7	10	6	6	6	5	9	8	9	9	7	7	8	9	9	11	7	7	5	9	8	7	6	7	8	7	6	7	6	7
"YFL010C"	7	10	9	8	10	9	8	6	7	8	10	9	11	6	7	7	9	10	8	8	11	7	7	9	8	7	6	9	6	9	10	5	10	7
"YGL026C"	13	10	11	10	13	12	12	10	9	9	8	13	8	12	10	8	15	8	11	9	9	10	9	8	8	6	10	11	10	8	6	8	8	8
"YGR130C"	6	11	11	9	7	7	6	8	7	10	7	10	6	7	7	11	5	8	11	6	7	8	6	6	5	6	5	5	5	6	6	8	6	9
"YIR001C"	6	7	5	4	10	5	10	8	3	5	6	8	6	7	7	5	7	6	6	8	10	4	6	6	8	6	6	8	10	9	6	7	7	7
"YER023W"	6	6	7	4	10	8	10	6	6	10	9	7	11	4	6	7	5	8	7	6	9	8	6	8	8	10	6	7	7	10	8	8	6	6
"YHR064C"	7	7	4	6	9	5	13	9	8	5	7	6	2	10	12	10	10	9	5	8	4	7	11	10	8	2	9	7	8	10	3	9	8	7
"YGR027C (+1)"	6	9	8	11	8	5	7	9	10	7	7	11	5	10	5	8	7	7	9	5	1	9	5	9	3	7	2	6	6	7	2	10	6	6
"sp|P00918|CAH2_HUMAN"	2	1	2	0	4	2	7	4	4	4	2	4	2	6	6	6	4	2	6	3	9	11	10	11	18	21	17	18	20	20	17	17	17	15
"YER009W"	7	7	12	8	8	8	3	7	10	10	9	8	11	6	8	7	8	9	8	7	14	7	9	6	7	7	5	7	10	9	9	4	5	4
"YAR002W"	10	11	11	10	7	4	11	9	7	6	11	12	3	9	10	11	8	7	7	10	6	7	9	6	7	6	8	12	4	6	4	5	10	11
"YBL002W (+1)"	10	3	6	5	8	3	8	8	3	4	5	4	4	5	5	4	4	2	3	4	4	5	5	5	1	2	4	2	2	3	0	3	2	5
"YGR008C"	11	8	12	8	9	6	8	6	8	8	9	7	8	9	7	7	11	10	11	8	6	8	5	7	8	13	3	7	6	3	8	7	4	6
"sp|P08311|CATG_HUMAN"	3	3	3	3	4	2	4	3	4	3	3	5	4	7	7	5	4	5	4	5	3	12	10	10	15	13	10	13	9	10	10	14	12	17
"YBR112C"	8	11	11	11	6	8	8	8	8	9	7	12	6	9	9	9	9	13	8	8	8	9	8	8	6	10	9	9	8	7	5	10	7	5
"YMR031C"	7	8	5	6	5	7	5	7	7	5	5	7	6	8	10	10	10	5	5	8	5	5	9	6	6	7	7	8	8	6	6	6	7	10
"YOR239W"	7	7	6	5	5	8	4	7	3	8	5	6	3	9	11	6	6	6	6	4	4	8	9	8	6	5	6	7	10	8	3	7	8	8
"YER063W"	5	9	9	7	7	9	8	9	8	10	12	7	9	8	9	8	8	9	9	8	9	6	7	8	9	7	7	7	8	7	9	8	9	9
"sp|Q06830|PRDX1_HUMAN"	3	3	2	1	4	4	5	3	3	4	4	4	2	4	6	5	8	4	4	6	6	8	8	7	11	12	14	14	12	12	11	10	10	11
"YMR307W"	10	8	9	9	8	8	10	8	6	5	8	8	6	7	6	6	8	9	10	9	6	5	6	10	8	6	9	9	9	9	5	7	7	6
"YER079W"	8	9	11	10	7	5	5	9	8	8	9	11	7	10	8	7	9	8	6	7	8	9	9	9	8	5	7	7	7	9	8	8	8	4
"YNL037C"	8	8	6	6	8	5	10	6	5	3	3	9	3	7	5	6	6	5	7	6	5	4	7	7	6	8	8	7	6	3	1	9	7	8
"YFR016C"	10	10	9	10	8	3	9	10	8	8	9	10	5	8	9	8	8	5	6	6	4	8	10	9	6	5	11	6	7	10	5	11	8	10
"YLR178C"	11	7	9	5	10	7	10	10	3	4	4	8	5	8	9	7	11	6	9	4	4	8	7	6	8	6	13	13	6	4	5	9	6	10
"YDR032C"	5	5	5	7	5	9	10	10	5	4	6	8	6	9	7	7	6	4	7	6	5	8	7	8	8	3	6	8	6	7	5	7	6	9
"YPR129W"	5	7	6	4	7	8	7	6	8	8	7	6	9	9	8	7	7	9	4	5	7	10	11	7	7	8	8	8	7	7	10	9	10	8
"YDR533C"	7	7	7	8	6	9	9	9	7	9	8	8	8	10	8	9	6	10	8	4	6	8	8	8	6	8	7	6	5	8	5	5	9	5
"YOR163W"	6	8	6	7	5	5	8	7	7	10	11	7	7	7	8	8	6	9	8	8	6	5	8	5	7	10	6	8	8	10	3	6	6	8
"YMR086W"	8	7	4	5	5	5	6	6	7	6	5	7	5	8	9	6	8	6	8	9	6	6	10	6	4	8	5	6	7	6	4	5	6	5
"YKL204W"	7	7	7	8	7	8	9	8	5	5	5	7	5	6	6	5	5	6	9	7	8	6	8	7	5	5	7	5	10	7	6	6	8	6
"YBR249C"	5	9	9	9	8	7	7	7	4	9	7	6	5	6	9	9	9	8	6	7	7	7	9	7	7	4	9	5	7	7	6	4	7	6
"YMR276W"	2	3	2	0	4	3	8	7	2	0	2	2	3	4	6	4	6	6	2	7	6	6	5	5	3	4	7	4	5	4	7	7	6	7
"YDR189W"	10	8	8	7	9	9	8	9	7	6	7	8	6	9	9	9	8	8	8	7	6	8	7	9	10	8	6	9	6	7	8	10	7	9
"YMR205C"	5	7	6	5	6	7	6	4	7	5	4	7	7	8	7	6	6	6	6	6	6	6	6	8	6	7	4	2	9	9	9	9	6	7
"YMR039C"	5	9	8	5	4	6	8	9	8	7	7	9	6	8	10	8	9	6	4	8	6	9	9	9	9	5	9	7	5	6	4	9	9	7
"YER120W"	6	5	9	6	3	4	7	7	9	6	5	6	7	8	9	6	4	5	5	8	8	9	9	8	7	6	5	7	6	6	5	8	6	5
"sp|P07339|CATD_HUMAN"	1	1	0	1	2	2	3	6	3	3	3	4	2	4	7	5	3	2	5	6	8	9	10	7	12	8	9	13	12	13	13	13	14	15
"YDR513W"	7	12	8	8	7	5	6	6	7	5	6	7	7	8	7	7	3	6	5	7	6	6	6	6	4	8	5	5	7	5	7	7	8	6
"YNL055C"	9	6	4	8	4	6	6	10	6	4	4	5	6	8	7	8	5	6	4	7	4	6	6	8	4	4	6	5	6	4	4	5	5	6
"sp|P02144|MYG_HUMAN"	1	3	1	2	4	2	4	5	3	3	0	3	4	5	7	5	5	4	7	5	9	7	8	8	18	13	14	20	11	16	11	11	11	9
"YBL099W"	4	8	7	8	7	5	5	5	8	7	9	6	5	6	3	4	4	7	6	5	5	7	6	6	5	4	2	6	6	7	5	6	6	8
"YNL118C"	4	4	5	8	5	1	3	6	7	6	7	7	5	5	8	8	8	9	3	3	6	10	10	6	6	9	4	5	8	8	7	6	7	8
"YLR287C-A (+1)"	4	6	8	8	7	4	4	5	6	6	7	6	4	5	6	5	6	6	6	4	4	5	5	6	5	4	6	5	6	6	3	7	5	6
"YEL039C"	4	7	4	6	5	3	5	7	6	7	6	5	4	6	6	6	8	8	5	2	2	8	6	9	7	7	6	7	6	7	4	3	5	5
"YCL043C"	6	7	5	5	7	3	4	8	7	6	4	7	2	5	7	6	2	1	5	6	0	11	8	5	4	2	6	2	0	3	1	10	8	6
"YFR031C-A (+1)"	9	7	3	6	7	8	8	5	4	8	6	6	5	4	7	8	7	9	6	8	4	6	8	4	7	7	13	7	7	6	4	4	4	7
"sp|P08263|GSTA1_HUMAN"	0	0	0	0	4	1	2	0	2	1	1	1	2	0	4	3	1	1	1	2	3	3	3	4	5	9	7	7	7	8	6	12	11	10
"YBR011C"	6	5	4	4	6	2	7	10	5	2	6	5	2	4	7	6	6	7	2	4	5	8	8	4	4	6	5	3	5	4	5	6	7	6
"YPR052C"	5	6	7	8	5	6	5	7	7	8	8	9	5	6	6	7	7	6	6	4	5	8	9	7	6	8	6	7	7	6	5	7	8	6
"YPL049C"	4	7	6	6	7	5	7	9	5	8	6	9	5	5	7	9	5	6	6	7	5	9	8	6	5	4	6	7	4	8	5	7	6	4
"YFR024C-A"	2	5	6	4	6	3	9	8	6	8	8	5	5	7	7	6	3	5	6	6	3	5	7	6	3	6	4	3	9	7	3	8	8	9
"YDR171W"	2	3	3	3	3	3	2	8	4	6	4	4	3	7	6	6	3	5	6	3	2	5	7	6	2	6	4	3	2	0	2	4	3	3
"YDL053C"	6	6	7	6	6	5	4	5	8	6	8	6	5	6	7	6	4	9	8	7	8	6	6	5	5	5	6	5	7	5	7	4	4	5
"YDL055C"	6	5	8	8	8	9	7	9	6	7	4	7	5	7	6	8	8	6	6	7	7	4	5	5	9	5	7	7	8	7	6	6	6	5
"YNL166C"	7	5	6	5	5	3	4	4	5	7	5	7	5	6	5	6	6	8	7	5	5	5	7	5	6	5	4	6	6	7	4	6	5	6
"YDR028C"	6	7	7	7	6	2	5	7	6	5	4	5	2	6	7	9	2	2	3	5	3	8	8	5	4	3	0	4	3	4	2	7	6	4
"YCR028C-A"	7	5	7	6	6	9	6	7	6	6	8	7	8	6	8	4	5	9	8	6	8	5	6	5	6	5	5	7	3	7	6	3	4	4
"YDL136W (+1)"	6	6	3	5	4	3	5	4	8	5	7	6	2	7	6	5	3	5	3	1	3	5	5	6	2	5	2	4	6	5	4	3	5	6
"YLR388W"	9	9	4	1	13	10	8	5	2	3	3	4	7	5	5	7	13	5	8	3	8	4	6	6	8	6	13	11	8	8	6	6	4	7
"YMR186W"	3	7	4	5	3	3	4	6	3	6	6	7	3	5	5	6	5	5	6	5	3	5	4	4	4	4	3	3	5	5	2	5	4	6
"YDR261C-D (+16)"	5	7	5	9	5	3	4	5	5	6	6	6	7	6	5	4	6	9	9	4	6	5	4	4	6	7	8	7	5	5	8	6	5	4
"YPR062W"	6	6	7	7	7	8	4	7	4	4	6	8	4	7	4	4	2	3	5	4	3	9	6	6	4	4	5	9	4	5	4	6	5	6
"YOL070C"	8	8	6	4	6	4	5	7	6	4	7	7	4	8	7	6	5	4	7	4	3	8	6	7	7	5	3	7	5	5	1	6	9	8
"YNL074C"	9	6	5	5	6	5	6	5	5	5	6	6	8	4	5	4	7	3	3	7	6	5	5	6	4	4	4	3	6	5	4	4	6	5
"YJR125C"	4	5	7	6	5	4	6	4	4	4	6	5	5	5	4	5	6	8	6	7	6	5	5	4	6	10	3	9	7	7	9	8	7	5
"YMR314W"	1	3	3	5	6	3	6	4	4	6	5	2	4	7	5	5	5	5	5	4	4	4	6	5	3	4	4	4	6	6	3	5	3	7
"YBR078W"	7	3	4	2	5	3	4	5	3	3	3	4	3	6	4	4	7	6	3	4	4	4	4	4	7	5	6	4	7	8	5	7	5	6
"YLR061W"	3	4	4	4	7	5	5	6	4	5	5	4	4	6	4	4	8	7	6	7	4	3	5	4	8	5	4	7	5	6	2	6	4	6
"YMR260C"	6	4	7	6	3	3	4	7	6	6	6	6	6	5	4	6	4	5	3	5	5	5	4	4	5	5	4	5	4	5	4	4	3	4
"YLR264W (+1)"	5	5	5	5	5	8	6	5	4	4	5	5	9	4	5	5	5	6	6	5	9	5	6	5	5	5	7	4	6	5	9	5	5	4
"YGR169C-A"	5	8	5	6	7	8	6	4	6	6	6	5	5	4	6	5	6	6	5	5	7	5	5	5	4	6	5	4	5	6	8	5	5	5
"YDL099W"	4	2	6	4	6	1	8	6	6	3	6	3	5	6	3	6	2	6	4	6	3	5	3	5	4	3	2	5	4	4	6	4	4	8
"YCL035C"	3	3	6	2	3	5	4	4	2	5	2	5	2	5	3	4	3	3	5	2	4	5	3	4	4	3	2	3	4	5	4	3	5	3
"YLR048W"	3	5	3	3	3	1	4	6	6	4	4	4	1	4	8	7	2	3	5	2	0	6	3	4	4	5	4	5	4	4	2	4	6	5
"YJR094W-A (+1)"	9	3	3	4	4	7	10	5	5	3	6	5	2	7	7	6	4	6	1	3	2	4	7	5	6	2	4	6	5	4	5	6	6	5
"YFR003C"	6	7	4	5	4	5	4	5	6	5	5	4	4	3	6	4	5	7	5	5	4	5	5	3	6	6	4	6	7	7	4	4	4	4
"YPL237W"	7	3	3	3	6	4	5	4	7	6	4	5	4	5	4	5	7	4	4	4	6	4	5	4	3	4	6	4	4	3	4	7	5	5
"YBR085C-A"	5	4	5	4	5	5	4	5	4	4	3	5	3	5	5	5	3	6	5	5	4	4	3	4	8	7	5	5	3	4	3	5	3	2
"YER068W"	6	4	6	8	5	3	5	5	6	4	5	4	4	5	4	4	6	2	6	6	3	5	4	3	4	3	5	4	3	2	4	5	3	5
"YGR009C"	3	3	3	5	6	4	5	7	4	3	3	4	3	5	5	5	6	3	5	5	3	6	3	4	4	4	5	5	5	4	3	5	7	6
"YOR117W"	6	5	5	6	4	3	5	6	5	5	6	5	4	6	6	4	4	3	6	7	3	5	5	5	3	6	4	7	2	3	2	6	4	8
"YGR279C"	6	5	6	6	4	5	7	7	6	6	5	6	4	5	4	4	5	6	6	5	6	6	3	5	5	6	6	7	4	3	2	4	6	7
"YOR369C"	4	5	4	6	6	5	6	4	7	4	6	5	4	4	6	6	5	5	5	4	6	4	6	5	4	6	5	5	5	6	6	4	6	5
"sp|P10636|TAU_HUMAN"	1	1	0	0	1	1	1	2	2	2	4	2	1	2	3	2	1	1	1	1	2	9	6	9	6	6	5	6	7	6	4	11	12	9
"YOL127W"	7	5	5	6	4	7	5	3	5	5	5	4	7	3	4	4	5	5	5	5	5	3	4	3	5	5	5	5	5	4	6	3	5	3
"YER125W"	7	4	4	4	4	2	7	5	4	4	5	6	2	5	5	4	5	3	4	5	4	4	4	6	4	4	4	5	5	3	2	6	5	6
"YDR033W"	1	4	7	6	3	0	1	4	6	5	6	7	3	6	5	4	2	7	7	1	4	5	6	7	7	4	2	6	3	4	2	5	2	4
"YBR059C"	3	4	5	3	7	2	5	6	5	3	4	6	3	5	4	6	3	1	4	5	4	8	6	11	3	3	3	4	4	5	3	4	4	6
"YBR263W"	5	3	3	4	4	3	5	2	2	3	1	5	2	3	3	5	4	4	3	6	2	3	5	3	5	2	1	5	2	4	2	3	2	2
"YBR111C"	4	5	3	3	8	4	4	5	3	3	2	4	3	5	4	3	3	3	4	7	3	5	3	6	5	4	4	4	4	4	4	4	5	5
"YPR074C"	4	5	5	6	3	3	3	6	3	3	3	4	4	5	7	6	2	4	3	5	2	4	3	5	3	4	3	6	5	5	3	3	3	3
"YMR255W"	5	6	6	6	4	4	7	5	3	5	3	5	4	5	3	3	4	2	6	6	3	5	3	5	6	5	5	7	3	5	2	4	4	4
"YOR142W"	3	2	4	1	4	2	9	5	3	3	3	4	1	3	6	6	3	2	4	6	3	4	6	4	2	3	6	5	2	2	3	3	6	3
"YHR138C"	3	5	6	2	2	2	4	6	3	2	6	3	2	7	5	5	1	3	3	2	3	6	6	5	1	4	2	5	3	3	2	7	5	6
"YCL037C"	7	5	5	5	4	4	5	4	3	5	6	4	5	3	3	3	2	3	4	4	4	4	4	4	4	3	4	4	4	3	4	3	3	4
"YJL177W"	5	6	3	2	2	4	5	6	5	2	4	7	5	3	4	3	6	4	4	2	5	3	4	4	5	3	5	6	4	3	5	4	3	2
"YGR063C"	3	3	3	1	7	1	4	3	2	2	3	3	1	3	5	7	7	15	4	3	10	4	3	4	2	10	6	5	9	10	13	5	2	4
"YML079W"	5	4	4	5	3	2	3	5	5	8	5	4	2	5	4	7	2	3	3	4	2	6	5	5	2	2	3	2	3	4	2	4	4	3
"YBR093C"	3	3	1	1	4	2	4	5	1	2	3	5	1	5	1	3	3	3	2	2	1	4	3	5	1	1	2	2	2	3	0	4	3	2
"YIL115C"	4	7	3	2	5	5	3	7	3	5	5	5	4	3	4	4	5	3	6	6	3	4	4	4	4	6	2	4	3	2	2	7	5	5
"YJL159W"	4	3	2	4	4	5	3	5	2	2	3	2	5	4	5	5	2	3	3	3	4	5	4	5	3	2	3	3	2	4	4	5	5	5
"YPR041W"	4	4	4	5	6	3	2	5	3	3	3	3	3	3	5	4	1	1	2	4	2	4	3	4	1	2	4	3	3	2	2	3	3	2
"YMR062C"	2	3	4	3	4	2	4	5	4	3	5	5	5	5	5	7	2	1	4	2	3	4	5	7	2	5	2	2	5	2	4	7	6	7
"YHR020W"	5	5	4	6	3	3	4	4	4	5	5	6	2	6	5	5	3	5	2	6	2	4	6	5	2	3	3	4	3	3	2	4	4	4
"YNL310C"	1	6	4	4	2	4	1	5	2	4	3	5	2	5	3	3	1	4	1	3	4	6	4	2	4	3	5	7	4	5	6	4	3	4
"sp|P00441|SODC_HUMAN"	1	1	1	1	4	0	2	3	2	3	2	3	1	4	2	2	1	2	2	1	4	5	2	4	7	8	5	6	5	7	7	7	7	5
"YDR378C"	5	4	6	5	3	5	4	5	6	3	5	5	4	3	4	3	4	8	6	4	3	4	4	3	6	6	4	8	4	6	4	4	3	5
"YPR154W"	4	3	6	4	4	3	3	5	3	3	4	4	2	3	3	3	4	4	2	3	3	3	4	4	4	3	3	4	4	4	1	5	2	3
"YOR294W"	1	4	2	3	4	2	8	9	3	3	3	2	1	2	7	5	7	4	6	5	4	5	6	8	3	4	4	5	4	4	1	6	4	6
"YIL015W"	6	5	5	6	5	6	5	4	6	4	3	4	4	4	3	4	5	2	5	5	3	3	2	4	5	3	5	2	3	5	3	3	4	5
"YER030W"	2	5	3	3	4	4	4	2	5	2	3	6	5	3	3	3	4	6	5	5	5	3	5	3	4	4	6	4	5	3	3	3	3	4
"YJR060W"	4	4	2	4	4	3	9	7	3	6	4	3	2	4	5	4	5	4	2	3	2	4	4	3	2	5	4	5	4	3	1	6	5	6
"sp|P00709|LALBA_HUMAN"	3	3	1	1	3	3	1	2	3	2	2	4	2	1	2	2	4	2	1	2	3	4	3	3	4	6	7	5	8	6	6	7	8	8
"YBR108W"	5	3	3	5	3	4	7	5	1	5	2	3	1	6	4	4	3	4	5	4	3	4	5	4	3	1	2	5	6	6	1	4	4	6
"YNL178W"	3	5	5	5	4	4	3	4	6	5	5	4	5	3	5	5	3	5	4	4	6	5	5	2	4	3	4	4	4	5	4	4	4	5
"YCR004C"	5	5	5	6	3	4	4	3	4	4	4	5	4	4	4	4	3	5	4	3	3	3	6	3	2	4	4	5	2	3	5	3	3	4
"YML085C"	1	4	3	3	2	2	4	5	3	3	1	6	2	5	6	5	5	5	5	2	3	5	5	4	2	3	5	3	3	4	2	5	5	6
"YBL092W"	4	1	2	3	3	0	2	4	3	2	3	0	1	4	4	4	1	3	2	2	0	3	4	2	1	1	2	2	0	0	0	2	3	2
"YFL037W"	5	6	3	2	3	3	4	5	2	3	3	2	2	4	3	3	4	4	3	4	3	5	3	4	4	4	3	4	3	4	3	4	4	6
"YOR096W"	3	1	3	3	1	3	3	4	2	2	2	2	2	2	2	2	1	2	3	2	3	2	3	1	2	2	1	1	1	1	1	2	2	2
"YIL063C"	5	4	5	4	5	4	4	3	4	4	5	5	4	4	4	4	6	5	6	5	4	3	6	3	5	4	4	4	4	4	3	4	3	3
"YJR009C"	3	1	1	0	2	0	7	6	2	0	1	4	1	4	1	2	1	0	1	1	0	2	1	3	1	0	0	3	1	0	0	4	5	5
"YGR193C"	4	5	2	2	5	3	5	6	1	0	2	5	0	7	5	7	6	0	0	4	0	3	6	2	2	0	5	2	4	0	2	5	4	4
"YLR351C"	6	4	4	4	3	3	4	4	5	4	5	5	4	5	4	6	3	3	5	5	2	5	4	5	5	4	2	4	4	3	2	4	5	4
"YBR252W"	6	4	3	2	6	6	7	5	2	2	2	6	1	5	3	3	2	1	4	4	0	5	5	4	0	2	3	2	3	2	2	3	5	4
"YAR014C"	7	6	4	3	3	3	5	5	5	2	3	4	3	7	1	1	5	2	4	5	2	5	5	6	3	3	4	4	3	2	2	5	5	4
"YNL312W"	2	3	6	5	4	2	4	4	6	3	4	3	2	2	3	2	5	5	3	3	3	4	3	3	5	3	3	4	5	4	2	4	3	3
"YML100W"	4	2	5	5	3	2	5	3	1	4	4	4	2	1	3	4	3	5	3	6	1	1	2	3	4	2	4	4	4	1	2	2	3	3
"sp|P08758|ANXA5_HUMAN"	0	0	1	1	2	0	1	2	0	1	0	1	0	3	1	2	0	1	3	2	1	5	4	8	6	7	6	7	6	4	2	9	8	11
"YJR017C"	4	7	4	3	2	2	4	3	2	5	3	2	2	1	5	4	1	1	2	3	3	5	6	4	3	4	3	1	3	2	2	7	4	4
"YJL148W"	0	5	4	4	4	4	3	3	5	5	3	3	4	4	4	5	2	6	4	3	5	4	4	3	6	2	1	5	5	5	2	2	4	4
"sp|P00915|CAH1_HUMAN"	0	1	0	0	2	1	2	0	0	0	1	1	1	0	1	2	3	0	0	3	2	3	7	2	7	7	6	10	7	9	6	8	9	7
"YGL234W"	2	3	3	1	4	2	1	2	5	3	2	4	1	2	4	5	3	1	3	4	2	2	4	1	1	3	5	3	4	4	2	3	2	2
"YLR327C"	4	3	2	3	1	0	3	5	4	4	3	3	5	4	4	4	4	2	4	1	4	5	3	6	3	4	3	3	2	2	2	6	3	6
"YNL309W"	5	4	3	3	2	1	4	4	5	3	5	5	1	6	3	3	4	3	2	1	1	4	3	3	1	3	3	3	3	4	1	3	3	5
"YGL087C"	4	2	4	5	3	2	5	4	2	2	3	3	3	4	3	6	4	2	3	3	4	3	4	5	1	3	2	1	3	2	2	5	4	4
"YCR084C"	3	2	4	5	3	1	4	5	2	5	2	3	1	3	5	5	2	4	4	2	2	5	5	5	2	4	2	2	3	3	1	3	3	6
"YDR055W"	7	5	4	4	5	6	5	3	3	5	2	5	1	4	4	2	3	3	3	7	2	3	3	4	2	2	4	3	5	3	3	3	5	4
"YJL207C-R"	1	1	1	0	0	0	0	0	0	0	0	0	0	0	0	0	0	0	0	0	0	0	0	0	0	0	0	0	0	0	0	0	0	0
"sp|P63279|UBC9_HUMAN"	0	2	1	1	1	0	1	1	3	4	4	3	3	3	3	2	2	2	2	2	5	3	4	3	6	6	5	6	6	9	8	6	5	5
"YPL032C"	1	3	4	2	1	0	2	3	2	2	1	4	0	3	3	3	2	2	3	1	0	2	2	3	1	2	2	0	1	1	0	1	1	2
"YOR007C"	4	4	5	4	3	2	4	4	4	0	5	2	0	4	6	5	3	3	3	4	0	5	5	2	3	2	3	2	2	2	0	3	4	3
"YFR044C"	4	2	1	3	2	2	2	2	2	1	2	3	1	3	3	4	1	3	3	2	2	2	6	3	2	1	0	2	1	3	3	2	4	2
"YML074C"	1	1	1	1	2	1	2	1	1	1	0	2	1	1	1	1	1	1	3	0	0	1	1	3	2	1	3	2	2	3	2	2	3	4
"YBR092C"	4	5	2	3	1	2	4	2	0	0	0	0	1	3	2	2	2	3	1	1	1	1	2	2	1	2	3	2	5	3	1	2	2	2
"YFL039C"	3	5	3	5	2	1	4	5	4	3	2	4	1	4	4	3	3	2	4	5	2	3	3	2	3	3	1	2	3	3	1	3	3	3
"YCR087C-A"	6	4	0	5	4	3	4	2	1	5	4	5	1	0	4	5	3	4	2	3	2	2	2	2	3	2	4	4	4	4	3	2	3	2
"YOR052C"	4	2	2	4	3	3	2	4	3	4	3	4	2	5	3	3	3	2	3	2	2	4	3	5	2	2	3	2	4	3	2	3	4	3
"YLL045C"	3	5	4	4	3	0	2	4	4	4	4	5	4	4	4	4	3	4	3	3	3	4	4	3	2	3	2	3	3	2	1	3	4	4
"YDR143C"	4	4	2	3	2	2	7	5	3	3	3	6	1	4	5	7	5	3	4	3	3	4	4	4	3	4	4	3	3	2	2	4	6	3
"sp|P12081|SYH_HUMAN"	1	0	0	0	0	0	2	3	0	0	0	1	0	3	2	3	0	0	1	0	0	5	4	6	3	3	3	3	7	5	2	9	10	7
"YLR249W"	3	1	3	3	4	3	2	2	4	4	2	1	3	2	4	5	3	0	3	3	1	3	2	3	2	4	2	2	2	3	3	3	2	2
"YAL059W"	4	3	3	4	3	0	2	5	3	3	4	4	1	4	4	5	3	3	3	2	2	3	4	4	4	5	3	4	2	4	2	3	2	3
"YML092C"	4	4	2	3	3	1	4	3	1	1	2	3	1	2	2	3	1	0	2	3	1	3	3	3	1	2	3	1	3	2	0	3	2	2
"YHL007C"	3	3	4	2	2	1	5	5	3	2	3	4	1	5	2	4	2	0	2	1	1	3	3	4	2	3	2	3	3	1	0	4	2	3
"YNL308C"	3	3	3	2	3	2	4	3	1	0	2	3	2	4	3	2	3	0	1	3	1	3	3	4	4	2	2	3	1	1	1	3	2	4
"YMR108W"	5	5	2	4	0	0	3	2	4	2	1	4	0	4	4	3	1	1	1	4	0	2	3	3	1	2	2	3	3	2	0	2	2	2
"YIL010W"	5	3	3	2	2	2	4	1	3	2	2	3	1	2	3	3	2	1	2	2	1	2	3	3	1	1	2	2	1	1	1	1	2	1
"YDL185W"	2	3	3	3	3	1	2	2	2	1	3	3	2	3	1	5	1	2	1	2	4	2	2	2	2	4	1	2	4	4	3	1	2	2
"YJR093C"	4	6	3	4	1	2	4	4	4	1	1	5	3	5	6	4	3	3	4	3	3	5	3	5	4	3	3	3	3	4	3	2	4	4
"YHR082C"	3	4	6	4	2	2	2	3	3	3	1	3	2	4	4	2	5	2	4	2	2	2	2	4	3	3	7	2	1	2	2	4	4	1
"YER034W"	5	2	3	3	3	1	1	3	4	4	4	3	2	2	4	4	3	4	3	3	3	3	5	4	2	2	3	4	4	4	2	5	3	3
"YDR156W"	1	1	3	3	2	1	3	2	3	1	3	2	2	2	2	2	0	3	4	3	1	2	2	2	1	3	2	1	3	3	2	1	1	2
"YBR109C"	3	2	4	4	4	3	2	3	4	4	4	4	3	3	4	3	3	3	5	3	4	3	5	2	4	3	4	4	4	3	3	4	3	3
"YLR197W"	4	3	2	2	2	1	6	4	1	1	1	2	1	3	3	4	2	1	1	2	2	6	2	4	2	2	2	2	3	2	1	4	5	5
"sp|P51965|UB2E1_HUMAN"	1	0	1	0	2	2	0	1	1	3	2	2	0	1	4	2	2	2	2	3	3	1	3	2	6	4	3	5	4	5	6	4	3	3
"YOR120W"	5	4	4	3	5	1	3	3	3	2	2	4	1	6	2	2	4	1	2	4	1	4	2	3	1	1	3	1	2	2	0	3	3	3
"YHR208W"	3	2	4	2	3	3	5	8	2	2	3	3	2	4	3	2	2	2	2	2	2	5	3	2	2	2	3	2	2	4	2	3	4	2
"YOR286W"	2	3	2	2	4	0	3	3	2	1	1	2	0	2	2	2	4	1	1	1	1	3	1	3	3	1	2	1	0	3	1	2	5	3
"YGL222C"	2	2	1	1	1	1	1	1	1	1	0	1	1	1	3	0	1	2	2	2	1	1	2	1	1	1	0	1	0	1	1	0	0	0
"YJR091C"	5	4	2	2	1	2	5	2	2	2	3	2	2	2	3	4	5	3	4	4	3	3	5	3	4	2	2	5	2	2	3	2	4	2
"YDR432W"	2	3	2	3	2	3	3	3	2	3	4	5	4	3	4	4	2	4	2	3	4	4	3	2	1	3	2	2	3	4	3	5	2	3
"YDR162C"	3	1	1	2	3	2	3	3	2	1	1	3	3	3	2	3	3	3	3	2	1	3	2	4	2	2	3	3	4	4	2	3	0	4
"YDL195W"	2	2	3	5	2	1	1	3	4	5	4	5	3	4	4	2	2	5	3	2	2	3	3	4	2	2	1	2	3	4	2	5	2	1
"YOR014W"	2	3	5	3	1	5	2	3	4	4	2	4	4	4	4	3	4	4	5	3	4	5	5	3	3	3	1	2	2	3	3	4	3	2
"YGL148W"	3	4	1	2	0	2	4	2	2	2	2	3	0	4	3	4	2	2	1	2	1	3	2	3	2	1	2	3	4	2	0	3	5	4
"YEL038W"	1	0	2	2	1	0	1	2	5	5	5	0	1	3	3	5	0	3	4	0	4	1	4	4	1	3	2	2	4	3	2	4	6	4
"YDR172W"	3	3	4	4	2	1	0	1	1	3	5	3	1	2	2	3	1	1	0	2	1	3	1	1	4	1	1	1	2	2	1	1	2	2
"sp|O00762|UBE2C_HUMAN"	1	1	0	0	0	2	2	2	0	1	1	0	1	2	0	0	2	1	1	3	4	2	2	4	4	6	8	5	5	6	5	6	5	7
"YDL083C (+1)"	2	4	5	4	3	4	4	3	3	3	3	3	2	3	2	2	3	3	4	3	2	3	3	3	3	3	2	2	3	2	3	3	2	3
"YBR089C-A"	3	1	4	3	3	1	4	3	3	3	3	1	1	3	3	4	3	4	3	3	1	4	2	4	3	2	3	4	2	2	3	3	4	4
"YNL197C"	4	3	2	3	2	0	2	2	1	2	1	5	0	2	1	3	1	1	1	2	0	3	3	4	2	2	1	2	1	1	0	3	4	2
"YDL085C-A"	2	3	4	4	2	2	2	3	4	3	3	4	3	3	3	2	3	4	3	3	3	3	3	2	2	3	2	3	3	3	3	4	3	3
"YMR194W"	3	4	4	4	2	2	1	2	2	3	2	1	2	4	3	4	3	3	3	3	2	2	2	2	3	2	2	2	3	2	2	1	1	1
"YLR114C"	2	5	2	1	3	2	1	2	2	3	2	4	1	2	6	4	3	2	2	2	3	5	3	5	3	3	2	3	4	2	3	1	2	5
"YKR042W"	2	2	3	3	4	2	1	2	4	4	3	3	2	2	2	2	2	3	2	2	2	3	3	3	2	2	2	2	2	2	2	2	3	2
"YMR261C"	3	3	2	2	4	1	3	2	2	3	1	3	0	4	2	2	0	1	1	0	0	2	1	2	1	1	1	1	2	2	0	1	0	3
"YHR200W"	4	3	2	1	1	2	3	3	3	2	3	4	2	4	3	3	4	1	3	2	2	3	3	5	2	3	4	3	4	4	0	3	4	3
"YNL216W"	4	3	2	3	4	1	2	3	3	3	3	2	2	3	4	3	3	3	2	1	2	2	4	2	3	3	1	1	3	4	1	3	3	2
"YDL226C"	5	4	3	4	4	2	3	4	3	3	4	3	2	3	2	2	3	2	2	3	2	3	2	2	2	3	3	2	2	4	3	3	3	2
"YDL092W"	5	4	3	2	1	1	4	5	5	2	3	3	3	2	2	2	2	2	3	1	1	3	3	4	2	2	2	3	2	2	2	2	4	3
"YGL023C"	3	5	3	3	3	2	3	5	3	4	3	2	2	3	5	4	3	2	2	4	3	4	3	2	1	1	3	2	3	1	2	4	4	3
"YML017W"	3	4	3	2	2	2	4	2	3	1	3	3	2	1	1	1	4	2	3	3	1	3	2	2	4	1	5	3	1	1	1	3	2	2
"YDL213C"	4	3	5	4	2	1	2	0	2	3	4	2	0	4	7	5	1	4	2	2	0	3	4	3	2	0	1	1	2	2	0	5	6	7
"YKL122C"	1	1	1	0	5	5	3	3	1	1	1	1	3	2	2	2	5	3	1	1	5	3	2	2	2	1	3	3	3	4	0	1	2	2
"YJR139C"	1	3	2	2	4	1	4	4	2	0	0	1	1	5	2	3	3	3	0	2	1	2	3	3	1	1	2	1	3	3	0	3	3	2
"YMR315W"	2	2	4	3	0	0	3	1	4	2	4	4	1	2	4	3	0	1	3	0	0	4	2	1	2	2	1	3	3	2	1	3	4	1
"YDR519W"	1	2	3	1	1	0	1	3	4	3	2	3	1	3	4	4	0	6	2	1	4	4	5	0	1	2	0	1	4	3	2	3	3	2
"YEL044W"	2	1	1	0	1	1	1	1	1	1	1	1	1	1	0	2	2	3	0	1	2	1	1	0	0	1	1	0	2	2	2	1	2	1
"YGR189C"	4	1	1	1	3	1	2	1	0	1	0	2	0	3	2	3	1	0	0	2	0	2	1	4	2	1	1	1	1	2	1	1	2	1
"YOR098C"	1	2	4	2	1	0	0	2	4	6	4	3	1	1	5	4	0	3	4	1	0	1	3	3	1	2	2	0	2	2	0	1	3	3
"YBL051C"	0	1	1	1	0	0	1	4	1	3	3	2	1	2	0	3	0	1	3	5	2	4	3	1	1	1	4	0	2	1	3	2	1	3
"YGR083C"	2	2	4	3	0	3	2	2	3	3	4	3	2	3	3	3	0	0	2	2	2	3	4	3	0	0	1	1	3	2	2	4	4	3
"YMR297W"	3	2	0	0	0	0	0	0	1	1	1	2	0	0	0	0	2	1	3	1	0	0	0	1	2	2	2	3	1	2	0	0	0	1
"YBR162C"	3	2	3	3	2	1	2	3	1	2	3	3	1	1	3	2	1	1	1	1	1	3	3	4	1	1	0	2	2	3	1	2	2	2
"YML007W"	4	2	3	2	2	1	2	1	3	2	2	2	1	2	2	2	2	2	1	2	2	1	4	2	1	2	1	2	3	2	2	1	2	2
"YDR293C"	4	3	2	2	3	3	4	2	1	1	1	2	1	3	3	3	2	0	2	2	0	2	4	0	3	3	1	2	3	3	1	3	4	2
"YBL064C"	4	3	3	4	2	2	3	4	2	2	2	3	1	2	2	3	3	2	4	3	1	2	2	3	1	2	2	2	1	2	1	2	2	3
"YOL030W"	3	4	4	3	4	2	2	2	4	1	2	3	3	3	3	3	4	3	4	3	3	2	2	2	2	2	3	2	2	2	1	2	2	3
"YLR330W"	2	3	3	2	3	1	3	2	2	4	2	3	2	3	2	3	3	3	3	1	0	3	5	4	2	2	2	3	3	3	0	4	3	3
"YLR244C"	2	4	3	3	5	1	3	1	3	2	3	3	0	1	4	1	1	0	4	1	0	2	4	1	1	2	3	1	1	3	0	1	1	1
"sp|P61626|LYSC_HUMAN"	0	1	0	0	1	0	1	0	0	0	1	2	1	1	1	1	1	0	1	1	2	1	1	1	4	2	3	3	4	5	5	3	4	3
"YJR121W"	5	3	3	4	1	1	2	0	2	1	2	4	1	2	4	2	1	2	2	4	2	2	2	3	2	2	0	2	2	2	1	1	1	2
"YKR090W"	3	3	4	3	2	0	4	4	1	2	2	5	2	4	2	3	2	2	3	3	1	3	4	4	1	1	0	1	1	1	2	5	2	5
"YKL195W"	3	3	2	2	3	1	3	2	2	2	2	2	1	1	2	2	2	2	3	1	1	2	3	3	1	3	2	2	3	1	2	2	3	3
"YMR219W"	2	3	3	3	1	0	1	3	3	2	2	3	3	2	5	4	2	4	3	4	3	3	3	3	1	3	0	2	3	1	1	2	2	2
"YJR148W"	2	2	2	2	2	2	3	2	2	3	2	3	2	2	2	2	3	2	2	2	2	2	2	2	2	2	3	2	2	2	2	2	3	2
"YML010W"	2	4	1	2	3	0	0	4	3	3	1	2	0	3	3	5	2	3	2	3	1	3	3	4	2	1	1	2	3	3	1	4	4	3
"YHR072W-A"	1	2	1	1	1	1	2	2	2	1	1	1	1	2	2	2	2	3	2	1	1	3	3	3	2	1	2	2	2	2	1	3	3	3
"YHR108W"	2	2	3	2	2	2	2	2	2	3	3	2	2	2	2	2	2	3	4	4	1	3	3	2	2	2	1	3	3	2	2	2	3	2
"YKL067W"	3	2	3	1	2	1	3	2	2	2	0	3	1	3	1	1	0	2	2	0	2	2	3	4	1	2	1	1	3	2	0	3	3	1
"YIL135C"	2	2	1	3	3	2	3	4	0	2	4	3	0	2	3	3	2	2	1	4	0	3	2	3	5	1	3	3	0	0	1	1	1	3
"YDL051W"	3	2	1	0	0	2	1	1	1	0	0	1	1	1	1	2	1	0	1	2	0	1	2	1	2	0	2	2	0	2	0	1	1	1
"YGR094W"	3	3	4	2	1	0	2	3	4	3	3	3	3	3	3	2	1	1	1	0	1	2	3	3	2	1	2	2	3	2	2	3	2	4
"YHR179W"	0	1	1	2	0	1	2	3	2	3	3	3	1	1	2	3	3	3	4	1	0	1	1	3	4	3	2	1	1	3	1	2	0	2
"sp|P61769|B2MG_HUMAN"	0	0	0	1	1	0	1	1	1	2	2	0	0	1	2	1	0	1	0	0	0	2	3	2	2	1	2	3	4	2	0	2	3	3
"YIL033C"	1	2	1	3	2	2	1	3	2	1	2	2	2	2	2	2	2	1	0	2	0	4	2	3	1	2	1	1	2	1	1	3	2	3
"YLR429W"	3	2	1	3	1	1	1	1	2	2	2	2	1	2	3	4	3	1	2	2	0	2	0	5	2	2	2	2	0	1	0	1	1	1
"YIL053W"	4	2	1	1	2	4	3	2	2	1	2	2	1	1	2	3	4	2	0	3	1	2	3	1	2	0	4	1	2	2	1	1	1	1
"sp|P15559|NQO1_HUMAN"	0	0	0	0	0	0	0	0	0	1	0	1	0	0	0	0	0	0	0	0	0	3	0	1	6	4	5	5	2	6	3	3	5	6
"YOR153W"	2	2	2	1	4	1	2	2	0	2	2	1	1	2	1	2	1	1	2	1	1	4	3	3	2	3	3	2	4	4	1	3	2	2
"YDR452W"	2	2	2	2	3	1	2	2	1	0	0	1	1	3	1	2	2	1	0	1	2	2	3	1	1	1	3	2	3	0	0	3	4	3
"YMR124W"	4	2	3	3	5	0	1	2	2	2	3	2	1	2	3	3	2	0	2	2	0	3	1	2	1	0	2	1	1	2	1	2	2	2
"YDR012W"	2	3	2	1	0	0	1	2	3	2	2	2	1	5	3	2	0	3	2	0	0	2	3	2	0	1	1	1	2	1	0	3	3	5
"YIL044C"	2	2	2	3	1	2	2	3	2	2	2	1	2	2	2	2	2	1	2	2	1	2	3	2	2	1	1	2	2	1	2	2	1	2
"YGR240C"	1	3	2	2	1	1	1	2	2	2	2	3	1	2	2	2	2	2	2	2	2	3	2	2	2	2	1	3	3	4	2	2	3	4
"YNL183C"	3	2	3	1	2	2	3	3	1	3	2	3	1	4	3	5	2	1	0	2	0	5	3	2	1	2	3	0	0	1	0	2	3	2
"YPL262W"	2	1	2	2	2	0	1	1	2	2	3	2	1	2	2	2	1	3	1	1	3	1	2	2	1	2	2	3	2	2	1	2	1	3
"YBR049C"	2	2	2	1	2	0	2	1	1	1	1	1	0	3	2	1	2	1	3	0	0	1	1	2	2	1	1	2	0	1	1	2	0	3
"YPL231W"	2	2	1	1	2	0	3	2	2	1	2	2	1	2	1	1	2	1	2	1	1	2	1	2	2	2	2	2	2	2	1	2	2	2
"YGR148C"	2	1	0	1	2	0	0	0	1	0	1	2	0	2	1	1	0	0	1	1	0	3	1	1	0	0	1	0	2	2	0	2	1	2
"YGR080W"	5	2	3	2	2	1	3	3	2	1	0	4	1	3	1	2	3	2	2	1	1	1	1	3	2	1	2	1	1	2	1	0	1	2
"YGL187C"	2	3	2	2	2	0	1	2	1	2	2	2	1	2	3	2	1	1	3	2	0	0	2	2	0	0	1	0	0	1	0	3	1	1
"YGR085C (+1)"	0	2	2	2	2	2	1	2	2	2	2	2	3	1	1	1	2	2	2	2	2	2	2	1	2	2	1	2	2	2	3	1	1	1
"YPL105C"	0	1	2	2	1	0	3	3	1	1	2	3	1	2	2	2	1	1	0	2	0	4	2	2	0	0	1	0	0	1	0	2	2	2
"YDR471W (+1)"	1	1	1	1	1	0	1	3	2	3	3	2	0	1	2	2	1	3	3	1	1	2	2	2	1	1	2	2	4	2	1	2	2	3
"YNL315C"	2	1	0	0	3	0	3	1	2	0	3	1	0	2	3	4	0	0	0	1	2	2	3	1	0	1	1	1	1	1	0	1	0	0
"YGR196C"	3	2	2	2	2	1	2	2	1	2	1	0	1	1	2	2	2	1	2	3	0	2	2	2	1	2	4	1	0	0	0	1	0	1
"YDR239C"	1	2	1	2	1	0	1	2	0	2	2	1	0	2	3	2	0	2	1	1	0	2	3	2	1	1	2	1	0	0	0	2	1	1
"YDL223C"	4	3	3	2	3	1	3	2	2	0	3	4	1	3	3	3	1	2	1	3	1	1	3	3	1	1	2	1	1	0	1	3	2	1
"YLR027C"	1	3	3	0	2	2	3	3	1	1	2	2	1	0	2	2	1	1	1	3	2	1	1	2	1	0	5	2	1	2	2	1	1	2
"sp|P01133|EGF_HUMAN"	1	1	1	1	1	0	1	1	2	1	2	1	2	1	1	1	2	2	1	1	3	1	3	2	5	5	3	3	2	4	5	3	5	3
"YNL066W"	1	3	2	1	1	1	1	2	1	2	1	2	0	2	2	2	0	2	0	1	0	1	3	1	0	0	0	1	2	1	0	1	1	1
"YPL249C"	1	1	1	1	0	2	2	2	1	1	1	1	0	1	2	2	1	0	1	3	0	1	3	1	1	0	1	1	1	1	0	1	2	3
"YOR078W"	2	2	2	1	1	1	4	3	1	1	1	1	0	3	4	4	2	2	1	1	0	3	2	2	1	1	2	2	2	2	0	3	2	2
"YOL039W"	4	4	2	3	2	1	1	4	1	3	1	3	1	4	3	1	0	2	3	1	1	3	3	2	2	2	2	1	2	1	1	3	2	2
"YGL035C"	1	2	0	2	0	0	0	2	2	2	1	2	0	2	2	2	1	1	1	1	1	3	3	1	3	0	0	2	2	2	1	1	3	2
"YMR016C"	3	2	3	2	3	1	2	2	2	2	3	3	1	3	3	2	0	1	1	2	1	1	2	2	1	1	1	2	2	1	1	2	1	2
"YJL128C"	0	1	2	1	1	0	1	1	3	3	2	1	1	2	2	3	2	2	2	2	0	1	3	2	2	3	2	2	2	2	0	2	3	3
"YLR403W"	2	3	1	3	3	1	1	3	1	1	2	2	1	3	3	3	2	2	2	3	1	2	2	3	2	3	2	1	1	1	1	2	2	2
"YLR185W"	2	0	1	1	1	0	0	2	0	1	1	1	0	1	2	1	2	0	1	1	0	1	1	0	1	0	1	0	1	0	0	1	1	2
"YPL111W"	1	1	2	2	1	1	1	1	1	1	1	1	1	1	1	2	2	1	1	2	1	1	1	1	1	1	2	1	1	1	1	1	1	1
"YGL242C"	0	1	1	1	1	2	3	3	1	2	2	1	2	3	4	3	2	2	1	1	1	2	3	1	1	1	1	0	2	3	1	3	1	1
"YCL014W"	1	2	3	3	2	3	3	1	1	2	3	3	2	0	3	3	1	2	1	1	1	2	2	2	0	2	1	1	0	0	0	1	1	1
"YDL061C"	1	1	2	2	1	0	1	1	2	0	0	0	0	2	1	1	2	2	2	2	0	2	1	2	1	1	1	1	0	0	0	1	1	2
"YLR219W"	4	1	1	1	1	1	1	2	2	1	1	4	1	2	1	1	2	2	3	2	1	1	3	3	2	3	3	2	3	2	1	3	1	1
"YLR058C"	3	1	1	1	1	1	3	3	1	1	1	1	0	2	1	1	2	1	2	2	1	1	2	3	0	0	2	2	1	2	1	2	2	2
"YJL005W"	2	1	2	3	2	1	2	2	5	1	2	3	0	2	3	4	1	1	1	1	0	1	3	2	0	1	2	1	1	1	0	2	2	2
"YKL150W"	4	1	2	1	2	3	3	2	1	2	2	1	0	3	2	3	1	1	0	0	1	2	1	2	0	0	0	0	0	1	0	2	0	1
"YHR087W"	2	1	2	1	1	1	3	1	1	1	1	1	1	2	1	1	2	1	2	1	1	2	1	1	1	1	2	1	1	1	1	2	1	2
"YHR103W"	2	2	1	2	2	0	1	2	1	3	1	0	1	2	4	4	0	2	1	0	1	1	3	1	2	1	0	1	1	2	1	2	0	2
"YJL121C"	1	1	0	1	2	1	2	2	1	1	1	2	1	2	2	1	2	0	1	1	1	2	1	2	2	0	2	1	1	1	1	2	2	2
"YDR207C"	3	5	4	3	1	0	2	3	2	0	0	3	0	3	1	1	1	0	2	2	0	2	0	2	0	1	0	1	1	0	0	1	1	2
"YMR305C"	0	1	2	1	3	0	3	2	0	1	2	1	0	3	2	2	2	1	0	3	0	1	2	2	2	1	1	1	1	1	1	2	1	1
"sp|P01112|RASH_HUMAN"	1	1	1	0	1	1	2	1	1	0	1	1	1	1	1	1	1	0	2	2	2	2	2	1	3	2	3	3	2	3	3	3	3	2
"YMR120C"	2	3	0	1	1	0	1	1	0	0	0	2	1	1	1	1	0	1	0	1	0	0	0	0	0	1	1	0	0	0	0	2	0	0
"YPL160W"	4	3	3	1	3	1	2	1	0	0	0	2	1	0	1	2	0	0	0	2	1	1	0	0	0	0	1	1	1	0	0	0	1	0
"YDR002W"	0	1	0	1	1	0	1	2	2	2	2	3	2	1	2	3	0	2	2	1	0	2	1	2	2	1	2	2	1	1	2	1	2	2
"sp|P01031|CO5_HUMAN"	0	0	0	0	0	0	1	1	1	0	0	1	0	0	1	1	0	0	0	0	3	1	1	1	2	2	4	1	2	2	4	3	3	3
"YER088C"	1	2	1	1	1	0	1	0	1	1	1	2	1	1	3	3	1	1	1	1	0	1	1	1	1	1	2	2	3	2	0	2	2	2
"YGR081C"	0	2	1	2	1	1	2	2	1	1	1	2	1	2	2	2	1	2	1	2	2	2	3	1	2	2	1	3	2	1	2	1	3	3
"YNL157W"	0	2	1	2	1	0	1	3	1	2	2	2	1	2	2	2	2	3	2	2	1	2	2	2	2	2	1	2	2	3	1	2	2	1
"YGL253W"	2	2	1	1	1	0	1	1	0	0	2	2	0	1	0	0	1	0	0	1	1	0	1	1	2	0	2	0	0	0	1	2	0	1
"sp|P62937|PPIA_HUMAN"	0	0	0	0	1	0	0	1	0	0	1	2	0	2	2	1	0	0	0	2	0	1	2	3	1	1	2	4	1	0	0	3	4	3
"YDR450W (+1)"	2	1	1	2	3	1	2	3	3	2	1	2	1	3	3	3	1	1	1	1	1	1	3	3	1	1	1	1	1	2	2	1	1	2
"YGL008C (+1)"	2	1	0	2	1	0	3	2	1	2	1	2	0	0	1	2	0	1	1	0	2	1	2	1	1	1	0	1	2	0	0	1	1	2
"YPR171W"	2	1	2	1	0	1	1	2	2	2	2	1	0	3	0	0	1	0	1	1	0	3	1	1	3	3	2	0	0	0	0	3	1	1
"YHR132W-A"	0	1	3	2	1	0	0	4	2	1	1	0	0	2	1	0	1	1	1	1	0	2	2	3	1	1	1	1	1	2	0	2	3	2
"YHR089C"	1	1	1	1	2	0	2	3	1	1	1	1	0	2	2	2	2	0	1	1	1	3	2	3	0	0	1	0	1	0	0	2	2	2
"YOR251C"	2	2	4	2	1	1	1	1	2	3	2	3	1	1	1	1	2	1	3	2	0	2	2	2	1	1	2	1	2	2	0	2	1	2
"YPR008W"	1	2	2	0	3	1	1	2	2	2	2	3	1	2	1	2	1	0	1	2	0	2	1	2	2	2	3	1	1	1	1	2	2	2
"YER112W"	3	1	1	1	2	0	1	1	1	1	1	1	0	1	2	2	1	1	1	1	0	0	1	2	2	0	1	1	0	0	0	0	1	1
"YGR118W (+1)"	0	0	2	0	0	0	2	0	0	0	0	0	0	2	0	1	0	1	0	1	0	2	1	0	0	0	0	0	0	0	0	1	1	0
"YPL180W"	2	0	2	1	0	0	2	1	2	1	1	0	0	2	2	2	1	1	1	0	0	2	2	4	0	0	1	1	1	0	0	1	1	2
"YGL174W"	1	1	1	1	1	0	1	1	1	1	2	2	1	2	1	3	1	1	1	1	0	2	3	2	1	1	1	1	1	1	0	1	1	1
"YHR009C"	2	1	2	1	1	0	2	3	2	1	1	2	0	2	1	1	1	0	2	1	1	1	2	1	1	1	1	1	1	1	0	2	2	2
"YDR045C"	1	0	1	1	1	0	1	2	0	2	1	2	0	3	3	1	0	2	1	2	0	3	3	3	1	0	0	1	1	2	1	2	2	2
"YLR410W"	2	0	2	2	1	1	0	2	2	1	1	2	0	1	2	1	0	1	1	1	0	0	1	0	0	0	1	1	0	1	0	1	2	0
"YJL052W"	2	2	1	0	2	1	3	1	1	2	2	1	1	1	2	2	1	0	1	2	1	1	1	2	0	1	1	2	1	1	1	2	1	2
"YPR187W"	0	0	1	1	0	0	1	0	1	0	1	1	0	1	0	0	0	0	0	0	0	0	0	0	0	0	0	0	0	0	0	0	1	0
"sp|P10145|IL8_HUMAN"	0	0	0	0	0	0	1	0	0	1	0	0	0	0	0	0	0	0	0	0	0	2	1	3	1	4	3	3	3	2	3	3	4	6
"YPL129W"	1	2	2	1	1	2	2	2	1	2	2	2	1	1	1	2	1	1	2	2	0	2	2	2	2	2	1	1	1	1	0	2	2	2
"YPL127C"	2	1	1	0	0	0	1	1	2	1	1	2	0	2	2	2	1	1	1	1	1	2	4	1	1	1	1	1	2	2	1	2	2	1
"YLL013C"	1	1	2	2	1	0	1	2	2	2	2	0	1	2	2	2	1	2	1	1	1	2	2	1	1	1	1	1	1	2	1	2	2	2
"YPR110C"	0	2	2	2	1	1	1	1	0	2	3	1	1	1	2	2	2	2	2	1	1	2	3	2	1	2	2	1	2	2	2	2	1	1
"YGR282C"	2	0	1	2	2	0	2	3	2	3	1	2	1	2	1	1	0	2	1	1	1	1	1	2	1	1	1	1	2	2	1	2	3	3
"YLR314C"	1	0	0	1	0	0	0	2	1	1	0	0	0	1	0	1	0	1	0	0	1	2	2	1	0	0	0	0	3	3	0	2	2	2
"YKL145W"	1	1	0	0	2	0	1	2	2	0	0	1	0	2	2	1	1	0	0	1	0	1	1	2	1	2	0	1	1	1	0	3	1	2
"YER006W"	2	3	1	1	2	2	1	3	1	1	1	1	0	2	2	3	1	1	0	2	0	2	1	2	1	1	1	2	0	0	0	2	2	2
"YGR207C"	2	1	1	3	1	0	1	1	1	1	0	1	0	1	3	2	0	1	0	0	0	2	2	1	0	0	0	0	0	0	0	1	1	1
"YNR024W"	1	1	2	1	1	1	1	1	2	1	2	1	0	2	3	2	1	2	2	2	1	1	2	1	1	0	2	2	1	0	1	2	1	2
"YCR077C"	2	2	2	2	1	0	1	1	2	3	3	2	1	1	1	1	2	2	1	1	1	1	1	1	1	2	1	2	1	3	1	1	1	1
"YLR109W"	2	1	1	1	2	3	1	2	1	1	0	0	2	2	1	1	2	1	2	1	2	3	2	0	2	2	3	2	1	2	2	1	1	1
"YER057C"	3	1	2	1	1	1	3	2	1	1	1	1	0	2	1	1	1	0	1	1	1	2	1	2	1	1	1	2	1	0	0	2	2	2
"YHR019C"	3	3	1	2	2	2	2	2	1	1	0	2	1	2	2	2	0	0	1	1	0	2	2	2	2	0	1	0	1	0	1	2	1	2
"YOR112W"	0	1	1	0	1	0	0	1	1	0	1	1	0	1	2	1	1	0	1	0	0	1	2	1	0	0	0	0	0	1	0	1	1	1
"YGR186W"	3	1	1	1	0	0	1	1	1	0	1	1	0	1	1	1	2	1	1	1	0	0	0	0	0	1	0	0	1	1	0	1	2	1
"YDR266C"	1	1	1	1	1	0	2	1	3	1	3	1	1	1	2	4	0	3	1	1	0	1	3	1	0	1	0	0	2	2	0	1	3	2
"YOL111C"	2	0	2	1	2	1	0	2	2	1	0	2	0	2	3	4	1	0	1	0	0	2	0	3	1	2	0	0	0	1	0	2	1	2
"YDL125C"	0	0	0	2	0	0	0	3	0	1	1	1	0	2	2	2	1	1	1	1	0	1	1	2	2	0	2	2	1	1	0	2	2	1
"sp|P01127|PDGFB_HUMAN"	0	0	0	0	0	0	0	0	0	0	0	1	0	1	1	1	0	0	0	0	0	1	1	1	2	2	4	2	1	2	1	3	3	3
"YLR074C"	1	1	3	2	1	1	1	2	1	1	1	3	1	1	2	2	1	1	1	2	1	2	1	3	2	1	1	1	1	1	1	1	1	2
"YBL003C (+1)"	1	1	1	1	1	1	1	1	1	1	1	1	2	1	1	1	1	2	2	1	2	1	2	1	1	2	1	2	2	1	2	1	1	1
"YER027C"	1	1	1	2	1	0	1	1	0	0	0	2	0	0	0	0	4	0	1	3	0	0	0	0	0	0	3	1	0	1	0	1	1	2
"YJL130C"	1	0	0	1	0	0	0	0	2	3	3	0	1	1	3	2	0	3	1	0	1	2	4	2	0	1	0	0	2	1	1	2	2	3
"YPR004C"	3	2	3	3	0	0	3	2	0	1	1	3	0	2	2	2	0	0	0	1	0	3	1	1	0	0	3	0	1	0	0	1	1	2
"YBR247C"	2	2	2	1	1	1	1	2	1	1	1	2	1	3	1	2	2	2	1	1	0	1	2	3	0	2	1	1	1	1	1	0	2	2
"YOL011W"	2	2	2	3	1	1	2	3	1	1	0	2	0	4	1	1	1	2	1	2	1	0	1	2	2	0	1	1	1	0	2	1	1	1
"YMR083W"	1	1	0	1	1	0	2	0	1	0	0	0	0	2	1	1	0	0	0	0	0	3	1	2	0	0	0	0	0	0	0	1	1	2
"YPR133C"	2	1	2	1	1	0	1	2	2	1	0	2	1	1	2	2	2	0	1	2	0	2	1	2	1	2	1	1	2	2	0	2	1	2
"YMR215W"	1	2	0	1	2	1	2	1	1	1	1	0	1	2	1	2	2	1	1	2	1	2	1	1	1	1	0	1	2	1	1	0	0	0
"YBR172C"	2	3	0	1	0	0	1	2	2	0	0	2	0	2	5	2	0	1	1	0	0	2	3	1	0	0	0	1	0	0	0	1	1	0
"sp|P99999|CYC_HUMAN"	0	0	0	0	1	1	0	0	0	0	0	0	0	0	1	1	1	0	0	1	0	2	2	1	3	2	4	4	2	3	1	2	2	2
"YNL108C"	3	0	1	2	0	0	1	3	0	1	0	1	0	1	1	0	1	3	1	2	0	1	1	1	0	0	1	0	0	1	0	1	0	2
"YDR365C"	0	2	1	1	1	1	1	1	1	1	1	1	1	2	2	2	1	1	2	1	1	1	2	2	2	2	1	1	1	1	1	1	1	1
"YDR169C"	2	1	0	1	1	0	2	2	0	0	0	1	0	1	0	0	1	1	2	1	0	1	0	2	0	0	1	1	0	0	0	1	0	1
"YPR019W"	1	2	2	0	2	1	0	2	1	0	0	3	1	3	1	2	1	0	1	2	1	1	1	1	2	1	1	1	2	2	0	2	2	1
"YNL244C"	2	3	0	1	1	1	3	1	1	1	0	3	1	1	1	1	2	1	0	2	1	1	1	1	0	0	2	1	0	1	1	1	1	1
"YPL195W"	1	2	2	2	0	0	1	1	1	1	1	3	0	1	2	1	1	2	1	1	1	2	3	2	0	1	1	1	0	1	0	2	0	2
"sp|P55957|BID_HUMAN"	0	0	0	0	0	0	0	0	0	0	1	0	0	0	0	0	0	0	0	0	0	2	2	2	0	2	0	0	4	5	2	3	2	2
"YKL218C"	1	1	2	1	2	1	1	1	1	1	2	1	2	1	1	2	0	0	1	1	1	1	2	2	1	1	1	2	1	1	1	0	2	1
"YDR233C"	1	1	1	0	1	1	1	2	1	1	1	1	1	1	1	1	1	0	1	1	0	1	1	0	1	1	1	1	1	1	1	1	1	1
"YMR311C"	1	0	0	2	0	0	2	1	0	0	1	2	0	1	3	2	1	0	0	1	0	2	4	1	0	0	2	0	1	2	0	2	1	0
"YPR172W"	1	1	0	1	1	0	0	0	0	1	2	1	1	0	1	0	0	1	0	1	1	0	0	0	1	0	0	1	0	0	0	0	0	0
"YDR060W"	2	1	1	1	1	1	1	1	2	1	1	1	1	1	1	1	1	1	1	2	1	1	1	1	1	1	1	1	2	1	1	1	1	1
"YBL027W (+1)"	1	2	2	2	1	0	0	1	1	2	1	1	1	2	1	1	0	1	1	0	1	2	1	0	0	1	0	0	1	2	0	1	1	1
"YGR097W"	0	1	2	2	1	1	0	0	1	0	1	0	0	2	2	1	0	2	0	0	0	2	3	1	0	1	0	1	0	1	0	1	0	3
"YKL191W"	1	2	1	1	3	1	0	1	1	1	1	1	2	2	1	1	1	1	1	1	1	0	1	1	1	1	1	1	1	1	0	1	1	0
"YJL111W"	1	1	0	1	0	0	0	2	1	0	1	1	1	2	1	1	0	0	1	1	1	2	1	3	1	1	0	1	1	0	0	3	1	3
"YDL150W"	1	3	1	1	0	0	1	0	1	1	1	1	1	0	2	3	0	1	2	0	1	2	2	0	1	1	0	1	0	1	1	2	2	1
"YGR244C"	1	2	1	2	0	0	2	1	1	0	0	1	1	1	2	3	0	1	0	1	1	2	2	1	0	0	0	1	0	1	0	1	0	0
"YLR340W"	3	2	1	1	1	0	2	2	1	1	1	2	0	2	1	2	0	0	1	0	0	1	0	2	0	0	0	0	1	0	0	0	1	1
"YGR254W"	2	0	1	1	1	0	2	1	1	1	3	1	0	2	1	1	1	0	0	0	0	0	2	0	1	1	0	0	1	1	0	1	1	1
"YDR145W"	1	3	3	2	2	0	2	1	0	0	0	2	0	1	2	2	0	0	0	1	0	2	3	2	1	1	1	0	0	0	0	1	2	2
"YDR174W"	1	1	1	2	1	1	1	1	2	2	1	3	1	1	0	0	1	2	2	1	1	0	1	1	2	0	1	1	2	1	2	0	0	1
"YDR527W"	0	1	2	1	1	1	1	1	2	1	1	1	1	2	1	1	1	1	2	0	1	1	1	2	1	0	0	1	1	2	1	1	1	1
"YDR469W"	0	1	1	0	0	1	1	2	0	0	1	1	1	2	1	2	1	1	2	2	2	0	0	3	1	0	1	1	2	1	1	2	1	3
"YNL113W"	1	2	1	0	1	1	2	1	2	0	1	1	0	1	1	2	1	0	1	1	1	0	2	2	0	0	2	1	0	2	0	0	1	2
"YJR059W"	2	2	1	0	0	1	2	2	1	1	1	0	1	1	2	1	1	0	0	1	0	2	2	1	1	1	2	1	1	1	1	2	1	1
"YDR502C"	2	1	2	1	0	0	1	2	1	1	0	2	1	2	0	2	2	0	2	0	0	0	0	1	1	1	2	2	0	1	0	1	0	1
"YML063W"	1	1	0	0	1	0	0	1	0	0	1	1	0	0	0	0	1	1	0	0	0	0	0	1	0	1	1	1	1	1	0	2	0	1
"YDR006C"	1	0	0	1	1	0	1	0	0	1	2	0	0	0	1	1	0	1	0	1	0	0	0	1	0	0	0	0	0	0	1	1	1	0
"YFL023W"	1	1	0	1	0	1	2	0	0	0	0	0	0	1	1	2	2	0	0	0	0	1	1	1	1	0	1	0	0	0	0	2	1	2
"YGR229C"	1	0	1	0	1	1	0	1	1	0	1	0	0	0	0	1	0	0	0	2	1	0	0	0	0	1	0	0	1	0	1	0	0	0
"YDL130W-A"	0	0	0	0	0	0	1	0	0	0	0	0	0	0	1	2	1	0	0	0	0	0	0	1	0	1	0	1	0	0	0	1	1	2
"YNL259C"	1	0	0	0	0	0	0	1	0	1	1	0	0	0	1	0	0	0	0	0	0	1	1	1	0	0	0	0	0	0	0	1	0	1
"YLR187W"	3	1	1	1	1	0	1	2	1	1	1	1	1	1	1	1	0	1	1	1	1	2	1	1	0	1	0	2	2	1	1	1	1	1
"YPR016C"	2	2	1	1	0	1	1	1	0	1	1	2	1	1	0	1	1	1	0	1	1	1	1	1	1	1	1	1	1	1	1	1	1	1
"YMR047C"	0	1	1	1	1	1	0	1	1	0	1	2	1	0	0	0	1	1	1	1	0	0	0	0	1	0	0	1	0	0	1	1	2	1
"YKR095W"	0	0	1	0	1	0	2	1	1	2	1	0	1	0	0	1	1	1	1	1	0	1	1	0	0	0	1	1	0	1	0	0	2	1
"YKL059C"	3	2	1	0	0	1	1	1	0	0	0	1	1	2	2	1	0	0	1	0	0	1	1	2	0	0	0	0	0	0	1	0	0	2
"YGL139W"	1	1	0	1	1	0	0	2	1	0	2	1	0	2	2	1	1	1	0	2	1	0	1	1	0	0	0	2	0	1	1	0	2	1
"YBR086C"	1	2	2	1	2	0	1	1	1	1	0	1	0	1	0	0	0	0	1	0	0	2	0	0	1	1	1	1	1	2	0	1	1	1
"YEL026W"	0	1	0	0	1	0	1	0	0	1	1	1	0	0	0	1	0	0	0	0	0	0	1	1	0	0	1	0	0	1	0	0	0	0
"YKL112W"	0	1	0	0	0	0	1	0	0	0	2	1	0	1	1	1	1	0	0	0	0	1	1	0	0	0	0	0	0	1	1	0	0	0
"sp|P06396|GELS_HUMAN"	0	0	0	0	0	0	0	0	0	0	0	0	0	0	0	0	0	0	0	0	0	2	3	0	0	0	1	1	2	1	1	1	1	2
"YKL096W"	2	0	1	1	1	0	2	1	1	1	1	0	0	1	1	1	1	1	1	2	0	1	1	1	2	1	1	1	0	1	0	2	2	3
"YDL135C"	0	1	0	0	1	0	2	0	1	1	0	1	0	0	1	1	0	0	1	1	1	1	1	0	1	0	0	0	0	0	0	1	0	0
"YHR049W"	1	0	0	1	0	1	1	2	0	0	0	1	0	1	1	2	1	0	1	0	1	1	2	1	0	0	1	0	2	1	0	1	1	2
"YJR025C"	3	3	2	2	2	0	2	1	2	1	0	1	0	1	0	1	0	0	1	1	0	0	0	0	0	0	1	0	0	1	0	1	1	1
"YBR130C"	1	1	0	1	3	0	2	0	0	0	0	0	0	0	0	0	0	0	0	1	0	0	0	0	1	0	0	0	0	0	0	0	0	0
"YLR301W"	0	0	1	0	0	0	3	1	0	0	2	0	0	2	3	2	0	0	0	0	0	0	2	2	0	0	0	0	0	1	0	2	1	1
"YBL091C"	1	1	1	1	1	1	2	1	1	1	1	1	1	1	1	1	1	0	1	1	1	1	1	1	1	1	1	1	1	1	1	1	1	1
"YHR143W-A"	1	1	1	1	1	1	0	0	1	1	1	1	1	1	1	1	1	1	0	1	1	1	1	1	1	1	1	1	1	0	1	1	1	1
"YKL129C"	1	1	0	1	1	1	2	0	1	2	1	1	1	0	1	2	1	1	1	0	1	2	2	1	2	0	2	0	1	0	0	1	1	0
"YGR126W"	1	1	1	1	0	0	1	1	1	1	1	1	0	1	1	1	1	1	1	1	0	1	1	1	0	1	1	0	1	0	0	1	1	1
"YPR159W"	1	1	1	1	2	0	1	1	1	0	1	1	0	1	1	1	1	0	0	0	0	1	0	1	0	0	0	0	1	1	0	1	1	1
"YDL225W"	0	0	2	1	0	0	4	2	0	1	0	2	1	0	0	0	0	0	0	0	1	2	1	3	1	1	1	1	1	1	1	1	2	1
"YCL061C"	0	1	1	0	2	1	1	1	0	1	1	0	0	0	0	1	3	0	1	0	0	0	0	0	2	0	3	1	0	1	0	0	1	1
"YJR066W-R"	1	0	0	0	0	0	0	0	0	0	0	0	0	0	0	0	0	0	0	0	0	0	0	0	0	0	0	0	0	0	0	0	0	0
"YBR181C (+1)"	1	0	1	2	0	1	1	1	1	1	1	0	0	0	2	1	1	1	1	1	1	1	2	0	0	1	1	0	1	0	1	1	1	1
"YAL035W"	0	0	0	1	0	1	1	1	0	0	0	1	1	1	1	0	0	0	2	1	0	1	0	0	0	0	1	1	0	0	0	1	1	0
"YDR272W"	0	0	1	1	0	0	1	1	1	1	0	1	0	2	1	1	0	0	0	0	0	2	2	1	0	0	0	0	1	0	0	2	2	2
"YOL004W"	2	2	0	0	2	0	1	0	0	0	0	0	0	1	1	1	1	0	1	1	0	0	1	0	2	1	0	0	1	1	0	0	0	0
"YEL047C"	1	0	0	1	0	0	2	1	0	0	1	1	0	1	1	1	0	1	0	0	0	0	1	0	0	0	0	0	0	0	0	0	1	2
"YNL232W"	3	4	0	1	1	1	0	2	0	0	0	0	0	3	0	1	0	0	0	1	0	2	0	2	1	0	0	1	0	0	0	0	1	2
"YOR140W"	0	1	0	1	1	0	1	1	2	1	0	1	0	1	0	0	0	0	0	0	0	1	0	1	0	0	0	0	0	0	0	1	0	1
"YDR515W"	1	1	0	1	0	1	1	1	2	1	1	0	1	0	1	1	1	1	0	1	2	1	1	1	0	1	1	0	1	1	2	1	1	1
"YGL066W"	1	1	1	1	0	0	1	0	2	2	2	2	0	1	3	1	0	0	1	1	0	1	2	1	0	0	0	0	1	0	0	1	3	1
"YLR121C"	1	1	0	1	1	0	1	2	0	0	0	1	0	2	1	2	0	0	0	1	0	1	1	4	0	0	0	0	0	0	0	1	2	2
"sp|P02741|CRP_HUMAN"	0	0	0	0	0	0	0	0	0	0	0	0	0	0	0	0	0	0	0	0	0	0	0	0	3	1	0	2	1	1	0	0	2	1
"YER155C"	1	0	1	0	0	0	1	1	1	1	1	1	1	1	1	1	1	1	1	1	1	1	1	1	1	1	1	1	1	1	0	1	1	1
"YNL061W"	0	2	0	0	0	0	2	2	1	0	0	1	0	1	1	0	1	0	1	1	0	1	0	1	1	1	1	2	2	2	0	2	1	1
"YLR363W-A"	2	1	1	1	1	0	0	1	1	1	1	1	0	2	2	2	2	1	0	0	0	0	0	1	1	1	0	1	1	1	1	0	0	1
"YGR037C"	1	0	1	0	0	0	1	3	0	0	0	0	0	2	1	1	1	1	1	1	0	1	0	3	1	0	0	0	1	1	0	1	1	1
"YGL030W"	2	1	1	1	1	1	2	2	0	1	0	1	0	2	0	1	0	0	1	1	0	1	1	1	0	1	1	0	0	0	0	1	1	1
"YPL061W"	2	1	2	0	0	1	1	1	0	1	2	1	0	0	2	1	0	1	1	1	0	0	1	0	0	0	0	0	1	0	0	0	0	0
"YJL171C"	0	0	0	0	0	0	0	0	0	0	0	0	0	0	0	1	0	0	0	0	0	0	0	0	0	0	0	0	1	0	0	0	0	0
"YNL020C"	0	1	1	0	0	1	1	1	1	0	1	1	0	1	1	1	1	1	1	1	1	1	1	1	0	1	1	1	1	1	1	1	1	1
"YIL130W"	1	2	2	1	1	1	2	0	1	0	0	1	0	2	2	1	1	0	1	0	0	2	0	1	0	0	0	1	1	0	0	1	1	1
"YPL063W"	0	1	1	0	1	0	0	0	1	0	0	1	0	1	1	0	1	1	0	1	1	1	1	0	1	1	1	1	1	1	0	0	0	0
"YDR163W"	2	1	1	1	1	0	0	1	1	1	2	0	1	3	1	1	0	0	0	1	0	1	1	2	0	0	0	0	1	0	0	0	0	2
"YDR388W"	2	2	2	0	2	2	0	1	0	0	0	1	0	1	1	1	1	0	2	2	0	0	1	0	1	0	1	1	0	0	0	0	0	0
"YNL054W"	1	2	1	1	0	1	1	0	1	1	1	1	1	1	1	0	0	0	1	0	1	1	1	1	0	0	1	0	2	0	0	0	1	0
"YER151C"	1	1	1	1	2	0	2	1	1	1	0	1	0	1	1	1	0	0	0	1	0	1	1	1	1	0	0	0	1	1	0	1	0	1
"YOL060C"	1	0	1	0	1	1	0	1	1	1	1	0	0	0	1	1	1	0	1	0	1	2	0	1	0	1	0	0	0	0	1	2	1	0
"YIL062C"	1	2	0	0	1	0	1	1	0	0	0	0	0	1	2	1	1	1	0	1	0	0	1	0	0	0	2	0	1	2	1	0	0	0
"YNL133C"	1	1	1	1	1	0	1	1	0	1	0	1	1	1	0	1	1	0	1	1	0	1	1	1	1	1	0	1	1	1	1	1	1	1
"YGR253C"	0	1	1	1	0	0	1	0	1	1	1	1	0	1	1	1	0	1	0	0	1	1	1	2	1	0	1	0	2	1	1	0	1	2
"YJL001W"	1	0	2	1	1	0	0	0	1	1	1	1	0	1	1	1	0	1	0	0	0	0	1	0	1	0	0	0	2	1	0	1	0	0
"YDR007W"	1	1	0	0	1	0	1	0	1	0	0	1	0	0	1	1	1	0	1	0	0	0	0	1	0	0	1	0	1	1	0	0	0	0
"YMR012W"	1	1	1	0	2	1	2	2	0	0	0	1	0	1	0	0	0	0	0	0	0	2	1	2	0	0	0	0	0	0	0	0	0	1
"YGL043W"	1	1	1	0	0	0	2	1	1	0	0	1	0	1	1	1	0	0	0	1	0	1	1	1	1	0	0	1	0	1	0	1	0	1
"YJR063W"	2	1	0	1	0	0	2	1	0	0	1	0	0	0	1	1	1	1	0	0	0	1	2	1	1	0	1	1	0	0	0	0	1	0
"YLR147C"	1	2	2	1	1	1	1	1	0	1	0	1	0	1	0	0	1	0	1	1	0	0	0	1	0	0	1	0	0	0	0	0	0	0
"YBR122C"	0	1	2	1	1	0	1	1	1	0	0	1	0	1	0	1	0	0	0	0	0	1	1	1	1	0	0	2	1	0	0	1	1	1
"YGL049C"	0	1	0	0	0	0	0	0	0	0	0	0	0	0	0	1	0	0	0	1	0	1	1	1	0	0	0	1	1	0	0	2	1	1
"sp|P01344|IGF2_HUMAN"	0	0	0	0	0	0	0	0	0	0	0	0	0	0	0	0	1	2	0	0	0	0	1	2	2	1	1	2	3	2	3	2	2	2
"YHR141C (+1)"	0	1	0	0	1	0	2	0	0	1	0	1	0	0	1	1	1	1	0	0	0	0	1	0	0	0	0	0	1	1	0	1	0	1
"YLR361C-A"	3	1	2	0	1	1	4	0	1	0	0	1	0	1	0	0	2	0	0	1	0	0	0	0	1	0	2	0	0	0	0	0	2	0
"YDR309C"	0	1	0	0	0	0	1	1	0	1	0	2	0	1	0	0	0	0	1	0	0	0	0	1	0	0	0	0	0	0	0	1	1	1
"YER048C"	1	0	1	0	1	1	1	1	1	1	1	1	1	1	1	1	0	0	1	1	0	1	1	1	1	0	0	0	0	0	0	1	1	1
"YKR035W-A"	1	2	1	0	0	0	1	0	1	1	1	2	0	1	1	0	0	1	1	0	0	1	1	1	0	0	1	0	1	0	0	1	1	1
"YMR263W"	1	1	0	2	1	0	0	1	0	0	2	1	0	0	1	1	1	0	1	1	0	0	1	1	1	0	0	1	0	0	0	1	0	1
"YGL036W"	0	0	0	0	0	0	1	1	0	0	0	1	0	1	1	0	0	0	0	1	0	0	1	1	0	0	0	1	0	0	0	1	1	1
"YHR084W"	1	1	0	1	0	1	1	0	0	0	0	2	0	0	0	0	1	0	0	0	0	0	1	1	1	0	2	0	0	0	0	0	0	0
"YOR362C"	2	0	1	1	1	0	0	0	0	0	0	0	0	1	0	0	0	0	1	1	0	0	1	1	0	0	0	0	0	1	0	0	0	0
"YAR042W"	1	1	0	0	0	0	1	0	0	0	0	0	0	0	1	2	0	0	0	0	0	1	0	0	0	0	0	0	0	0	0	0	0	0
"YHR039C-A"	1	1	0	0	1	0	1	1	1	0	0	1	0	1	0	0	0	0	1	1	0	1	0	2	1	1	0	1	1	1	0	1	1	1
"YGR074W"	1	1	0	1	0	0	1	1	1	1	0	1	0	1	1	1	0	0	1	0	0	1	1	1	0	0	1	0	1	0	0	0	0	1
"YBL101C"	1	1	0	0	1	1	2	1	0	0	1	0	0	1	1	1	0	0	0	0	0	2	2	2	0	0	0	0	0	0	0	0	1	0
"YIL041W"	1	1	0	0	0	0	1	1	0	0	0	1	0	1	0	0	0	0	0	0	0	0	0	0	0	0	2	2	2	0	0	1	0	0
"YMR005W"	1	0	1	0	0	0	0	0	0	0	0	1	1	1	1	1	1	2	2	1	0	1	0	2	1	1	0	2	0	0	1	1	0	1
"YGL044C"	2	1	1	0	0	0	0	0	0	2	1	0	0	0	1	0	1	0	1	0	0	0	2	1	1	0	0	1	0	0	0	0	0	1
"YOR198C"	1	0	0	0	1	0	2	0	0	2	1	3	1	1	0	0	0	0	1	0	0	1	0	2	0	0	0	0	0	0	0	1	1	1
"YLL018C"	0	0	1	1	0	0	2	0	0	2	1	0	0	1	1	0	0	1	0	0	0	1	1	2	0	0	0	0	0	0	0	0	1	2
"YOR232W"	1	0	0	0	0	0	0	1	0	0	0	0	0	1	1	0	0	0	0	0	0	0	0	0	0	0	0	0	0	0	0	0	0	0
"YPL115C"	1	1	1	1	2	0	1	0	1	1	1	1	0	1	1	1	0	1	1	0	0	1	0	0	1	0	0	1	1	1	0	0	0	0
"YKR058W"	2	1	1	0	2	1	1	0	0	1	0	1	0	1	0	1	1	1	1	0	0	0	1	1	0	0	0	0	1	0	0	1	0	2
"YOR340C"	1	2	0	0	2	1	2	1	0	0	0	2	0	1	0	0	1	0	1	2	0	1	0	1	0	0	2	1	0	0	0	0	0	1
"YDR251W"	0	0	0	0	1	0	0	0	0	1	0	0	0	0	1	0	1	1	1	1	0	0	1	0	1	1	1	1	1	1	0	0	0	0
"YMR008C"	0	0	0	0	2	0	0	3	0	0	1	0	0	1	1	2	0	0	1	0	0	1	1	0	0	0	2	1	0	0	0	0	0	0
"YOL032W"	1	0	0	1	0	0	1	0	0	0	0	1	1	0	0	0	1	0	0	1	0	0	2	1	0	0	0	0	0	0	0	0	0	0
"YDL153C"	1	0	0	0	0	0	1	1	0	0	0	2	0	1	2	1	0	0	0	1	0	1	1	1	1	1	1	0	0	0	0	1	1	2
"YNL233W"	0	1	0	0	0	0	1	1	0	0	0	0	0	2	1	1	0	0	0	1	0	1	2	1	1	1	1	0	0	1	0	2	1	1
"YDR096W"	1	1	2	0	0	0	0	0	1	1	0	1	0	0	1	0	0	1	1	1	0	0	1	0	0	1	0	1	0	0	0	1	0	1
"YJL190C (+1)"	0	1	0	0	0	1	0	0	0	1	1	0	0	1	0	1	0	0	0	0	0	0	1	0	0	1	0	0	0	0	0	1	2	0
"YDR234W"	0	1	0	0	0	0	0	2	0	0	0	0	0	1	1	2	0	0	0	0	0	1	3	0	1	0	1	0	0	0	0	2	2	1
"YER103W"	0	1	1	0	1	1	0	1	1	0	0	1	0	1	1	1	1	0	0	1	0	0	1	1	1	1	1	1	0	0	0	0	0	0
"YJL165C"	0	1	0	0	0	0	0	1	1	1	0	0	0	1	1	1	0	1	0	0	0	0	0	2	1	1	0	0	0	1	0	1	1	1
"YLR017W"	1	2	1	0	0	0	1	0	0	1	1	0	0	0	0	0	0	1	0	1	1	0	0	0	0	0	0	1	1	1	1	0	0	1
"YDR119W"	1	0	0	0	0	0	2	0	0	0	0	0	0	1	2	1	0	0	1	1	0	1	0	1	0	1	0	1	0	0	0	1	1	0
"YDR227W"	0	2	0	1	1	0	0	0	0	0	0	1	0	0	1	0	0	0	1	1	0	0	2	1	0	0	1	1	1	1	0	0	0	0
"YPL170W"	0	2	0	1	0	0	0	0	1	0	0	0	0	0	0	1	0	0	0	0	0	0	1	0	0	0	1	0	0	0	0	0	1	0
"YKL052C"	0	0	0	0	1	0	0	0	1	1	1	1	0	1	0	1	2	0	0	2	0	1	0	1	2	1	0	1	0	1	0	0	1	0
"YPL055C"	0	0	0	0	0	0	1	2	0	1	0	0	0	2	2	1	0	0	0	0	1	1	1	2	0	0	0	0	0	0	0	0	2	1
"YOR018W"	1	1	0	0	0	0	0	0	1	1	1	1	0	0	0	1	1	0	0	0	0	0	1	0	1	0	0	1	0	0	0	0	0	1
"YEL043W"	0	0	2	1	1	1	0	1	0	1	1	1	0	1	1	1	1	0	0	1	0	0	1	1	0	0	0	0	0	0	0	1	0	0
"YPL221W"	0	0	1	0	0	0	0	1	0	0	0	0	0	1	1	1	0	0	0	0	0	1	1	1	0	0	0	0	1	1	0	1	2	1
"YBR197C"	0	0	0	0	0	0	0	0	0	0	1	0	0	1	2	0	0	0	1	0	0	1	1	0	0	1	0	1	0	0	0	1	2	1
"YML028W"	1	0	1	0	1	0	1	0	0	0	0	0	0	1	1	2	1	0	0	0	0	1	0	0	0	0	0	0	0	1	0	1	1	1
"YDL175C"	0	0	0	0	0	0	1	2	0	1	0	1	0	1	0	0	0	1	0	1	0	2	1	1	0	1	0	0	1	0	0	2	1	0
"YML105C"	0	1	0	0	0	0	0	1	1	0	0	1	0	2	0	0	1	0	0	1	0	1	0	1	0	0	2	1	1	0	0	1	2	0
"YGR238C-R"	1	0	1	0	0	0	0	0	0	0	0	0	0	0	0	1	0	0	1	1	0	2	1	1	1	1	1	0	1	0	0	0	1	0
"YKL216W"	0	0	0	1	0	0	0	0	1	0	0	0	0	0	0	0	0	0	0	0	0	0	0	0	0	0	0	0	0	1	0	0	0	0
"YEL056W"	1	2	0	0	0	0	0	0	1	1	1	0	0	0	2	1	0	1	0	0	0	1	1	0	0	0	0	0	0	0	0	1	1	1
"YBR214W"	0	0	0	0	0	0	2	2	0	0	0	0	0	1	0	0	1	0	0	1	0	0	0	0	1	0	1	1	0	0	0	0	0	1
"YIL094C"	0	1	0	0	1	0	1	1	0	0	0	0	0	1	0	0	0	0	0	1	0	0	0	0	0	0	0	0	0	0	0	0	0	0
"YBR212W"	0	0	1	1	0	0	0	1	0	1	0	0	0	1	1	0	0	0	1	0	0	0	0	0	0	0	0	0	0	0	0	0	0	0
"YNR050C"	1	0	0	1	1	0	0	0	1	1	0	0	0	3	0	0	1	0	0	0	0	0	0	1	0	0	0	0	0	0	0	0	0	0
"YNL245C"	1	1	0	0	1	0	1	2	0	0	0	0	0	1	1	0	0	0	0	1	0	1	0	2	0	0	0	0	0	0	0	0	1	1
"YPL226W"	1	0	0	0	1	0	1	1	1	0	0	0	0	1	0	0	1	0	1	1	0	0	0	1	0	0	1	0	0	0	0	1	0	0
"YFL021W"	0	0	1	0	1	0	1	0	1	1	1	0	0	1	2	1	0	0	0	0	0	0	1	0	0	0	0	0	0	0	0	0	1	1
"YNL064C"	0	0	0	0	1	0	1	1	1	1	0	0	0	0	0	0	0	0	1	0	0	1	0	0	0	1	0	0	0	0	0	1	0	1
"YHR008C"	2	1	0	0	0	0	1	0	0	0	0	0	0	1	0	1	0	1	0	0	0	0	0	1	0	0	1	0	0	0	0	0	2	0
"YGL025C"	2	1	1	1	0	0	1	0	0	1	1	0	0	1	0	0	0	0	0	1	0	0	0	0	0	0	0	0	0	0	0	0	0	0
"YNL131W"	0	0	0	0	0	0	1	0	1	0	1	0	0	0	1	0	0	0	0	0	0	0	1	0	1	1	0	0	0	1	0	1	1	0
"YPL106C"	0	0	0	0	0	0	2	1	1	0	0	0	0	0	1	1	0	0	0	0	0	1	0	0	0	0	0	0	0	0	0	0	0	1
"YGR251W"	1	0	0	0	0	0	0	0	0	0	0	0	0	0	0	0	0	0	0	0	0	0	0	0	1	0	1	0	0	0	0	0	1	0
"YNR034W-A"	2	0	1	0	0	0	1	0	0	0	1	0	0	0	1	1	0	0	0	0	0	0	0	1	0	0	0	0	0	0	0	1	0	0
"YDR212W"	1	1	0	0	1	0	1	1	0	0	1	0	0	0	0	0	0	0	0	2	0	0	0	0	0	0	0	0	0	0	0	0	0	0
"YGR136W"	0	0	0	0	0	0	1	0	0	0	0	0	0	1	0	0	0	0	0	0	0	1	0	0	0	0	0	0	0	0	0	0	0	1
"YDR192C"	0	0	0	0	1	0	1	1	0	0	0	0	0	0	0	1	1	1	0	0	0	0	1	1	2	0	1	0	0	0	0	0	0	0
"YFR001W"	1	0	0	1	0	0	1	0	1	2	1	0	0	0	0	0	0	1	0	0	0	0	1	0	0	0	0	0	1	0	0	0	0	0
"YKL082C"	0	1	0	1	0	0	1	0	0	0	0	0	0	0	0	0	0	0	0	0	0	0	0	1	1	0	0	0	0	0	0	1	0	0
"YGL181W"	0	0	0	0	1	1	2	0	0	0	0	0	0	0	1	1	0	0	0	0	0	0	1	0	0	1	0	0	0	1	0	0	0	0
"YOR054C"	0	0	0	0	0	0	0	0	0	0	0	0	0	0	1	1	0	0	0	2	0	0	0	0	0	0	0	0	0	0	0	0	0	0
"YDR153C"	2	1	1	1	1	1	0	1	0	0	0	0	0	1	0	0	0	0	0	1	0	0	0	0	1	0	0	1	0	0	0	0	0	0
"YPL012W"	1	1	0	1	1	0	1	1	0	1	0	0	0	0	1	0	0	1	0	0	0	1	0	0	0	0	0	0	2	0	0	0	0	0
"YBR215W"	1	1	1	0	0	0	0	2	0	0	0	0	0	2	1	1	0	0	0	0	0	0	0	1	0	0	0	0	0	0	0	1	0	1
"YKL002W"	0	1	0	1	0	0	0	2	0	0	0	0	0	1	0	0	0	0	1	1	0	0	0	1	0	0	1	0	0	0	0	0	1	0
"YOR083W"	0	0	0	0	0	0	0	0	0	0	0	1	1	1	0	1	0	1	0	0	0	0	0	0	0	0	0	0	0	1	0	1	0	0
"YML093W"	0	0	0	0	0	0	0	0	1	0	0	0	0	0	1	0	0	0	0	0	0	0	1	1	0	0	0	0	1	1	0	0	0	0
"YLR420W"	1	0	0	0	0	0	0	0	0	0	1	0	0	0	0	0	0	0	0	0	0	1	0	0	0	0	0	0	0	0	0	1	0	0
"YOL016C"	1	1	0	0	0	0	0	0	1	0	0	1	0	1	1	2	0	0	0	0	0	1	1	1	0	0	0	0	0	0	0	0	0	0
"YDL140C"	1	0	0	1	1	0	0	0	0	1	1	0	0	0	0	0	0	0	0	1	0	1	0	0	0	0	0	0	0	1	0	0	0	0
"YCL051W"	1	0	0	1	1	0	2	0	0	0	0	0	0	0	1	0	0	0	0	1	0	0	0	1	0	0	0	0	1	0	0	0	0	0
"YHR058C"	1	1	0	1	0	0	0	0	1	0	0	0	0	0	0	1	0	0	0	0	0	0	0	1	0	0	0	0	0	0	0	0	0	0
"YOL038W"	0	1	1	0	1	0	2	0	0	0	0	1	0	0	0	0	0	0	0	0	0	0	0	0	0	0	0	0	0	1	0	1	0	0
"sp|P05413|FABPH_HUMAN"	0	0	0	0	0	0	0	0	0	0	0	0	0	0	0	0	0	0	0	0	0	0	0	0	0	1	0	0	1	1	0	1	1	1
"YBL022C"	1	1	1	0	0	0	0	0	0	0	0	1	0	0	0	0	0	0	0	0	0	0	0	0	0	0	0	0	0	0	0	0	0	0
"YML072C"	0	0	1	0	0	0	0	0	0	0	0	0	0	0	0	0	0	0	0	0	0	0	0	0	0	0	0	0	0	0	0	0	0	0
"YBR248C"	1	0	1	0	0	0	1	0	0	0	0	0	0	0	0	2	0	0	0	0	0	0	1	1	0	0	0	0	0	0	0	0	0	0
"YOL130W"	0	0	0	0	0	0	0	0	1	0	0	0	0	0	0	0	1	0	0	1	0	0	1	0	1	1	0	0	0	0	0	1	0	0
"sp|P69905|HBA_HUMAN"	0	0	0	0	0	0	0	0	0	0	0	0	0	0	0	0	0	0	0	0	0	0	0	0	0	0	0	0	0	1	0	0	1	0
"YER090W"	0	0	0	0	0	0	1	0	0	0	0	2	0	0	0	0	0	0	0	0	0	0	1	0	0	0	0	0	0	0	0	0	0	0
"YLR293C (+1)"	0	0	0	0	0	0	0	0	0	0	0	0	0	0	0	0	0	0	0	0	0	0	0	1	0	0	0	0	0	0	0	1	0	0
"YMR008C-R"	0	0	0	0	0	0	0	0	0	0	1	0	0	0	0	0	0	0	0	0	0	0	0	0	0	0	0	0	0	0	0	0	0	0
"YFR049W"	1	1	0	1	0	0	1	1	0	0	0	0	0	1	0	0	0	0	0	1	0	0	0	1	0	0	0	0	0	0	0	0	0	0
"YLR449W"	0	0	1	2	0	0	1	0	0	1	1	0	0	0	2	0	0	1	0	0	0	0	0	0	0	0	0	0	0	0	0	0	0	0
"YDL167C"	0	0	0	0	0	0	1	0	0	0	1	0	0	1	0	0	0	0	1	1	0	0	0	0	0	1	0	0	0	0	0	0	0	0
"YJL084C"	0	0	0	0	0	0	0	0	0	0	0	0	0	0	0	1	0	0	0	0	0	0	0	0	0	0	0	0	0	0	0	0	1	0
"YDL103C"	0	0	0	0	0	0	0	0	0	0	1	0	0	0	0	0	0	0	0	0	0	0	0	0	0	0	0	0	0	0	0	0	0	0
"YKL068W"	1	0	0	1	0	0	1	0	0	0	0	0	0	0	0	0	0	0	0	2	0	0	0	1	0	0	1	0	0	0	0	0	0	1
"YHR114W"	0	0	0	0	0	0	0	0	0	0	0	0	0	0	0	1	0	1	0	1	0	0	0	1	0	0	0	0	0	0	0	1	1	0
"sp|P68871|HBB_HUMAN"	0	0	0	0	0	0	0	0	0	0	0	0	0	0	0	0	0	0	0	0	0	0	0	1	0	1	1	0	0	1	0	2	0	0
"YHR159W"	0	0	0	0	1	0	0	0	0	0	1	0	0	0	0	0	0	1	1	2	0	0	0	0	0	0	0	0	0	0	0	0	0	0
"YDR298C"	0	0	0	0	0	0	0	1	0	0	0	0	0	0	1	0	0	0	0	0	0	0	0	0	0	0	0	0	0	0	0	0	0	0
"YIL140W"	0	0	0	0	1	0	1	0	0	0	0	0	0	0	0	0	0	0	0	0	0	1	0	0	0	0	0	0	0	0	0	0	0	0
"YIL070C"	1	1	0	0	0	0	0	0	1	0	0	1	0	0	1	0	0	0	0	0	0	0	0	0	0	0	0	0	0	0	0	0	0	0
"YNR051C"	0	0	0	0	0	0	1	0	0	0	0	1	0	0	0	0	0	0	0	0	0	0	0	1	0	0	0	0	0	0	0	1	0	1
"YHR158C"	0	1	0	0	0	0	0	0	0	0	0	0	0	0	0	1	0	0	0	0	0	0	0	0	0	0	0	0	1	0	0	1	0	1
"YBL085W"	0	0	0	0	1	0	1	0	0	0	0	0	0	0	0	1	0	0	0	0	0	0	0	0	0	0	0	0	0	0	1	0	0	0
"YGL106W"	1	0	0	0	0	0	1	0	0	0	0	0	0	0	0	0	0	0	0	0	0	0	0	0	0	0	0	0	0	0	0	0	0	0
"YDR019C"	0	0	1	0	0	0	0	0	0	0	0	0	0	0	1	1	0	0	0	0	0	0	0	0	0	0	0	0	0	0	0	0	0	0
"YNL248C"	0	0	0	0	0	0	1	0	0	0	0	0	0	1	0	0	0	0	0	0	0	1	0	0	0	0	0	0	0	0	0	0	0	0
"YMR032W-R"	0	0	0	0	0	0	0	0	0	1	0	0	0	0	0	1	0	0	0	0	0	0	0	0	0	0	0	0	0	0	0	0	0	0
"YPR115W"	1	1	0	0	0	0	0	0	0	0	0	1	0	0	0	0	0	0	0	0	0	0	0	0	0	0	0	0	0	0	0	1	0	0
"YGL073W"	0	0	0	0	0	0	0	0	0	0	0	0	0	0	0	0	0	0	0	0	0	0	0	0	1	0	1	2	0	0	0	0	0	0
"YOL061W"	0	0	0	0	0	0	0	0	0	0	0	0	0	2	0	0	0	0	0	0	0	0	0	0	0	0	0	0	0	0	0	1	1	0
"YDR229W"	0	0	0	0	0	0	0	0	0	0	0	0	0	0	0	0	0	0	0	1	0	0	0	0	0	0	1	0	0	0	0	0	0	0
"sp|P41159|LEP_HUMAN"	0	0	0	0	0	0	0	0	0	0	0	0	0	0	0	0	0	0	0	0	0	0	0	0	0	0	0	0	0	1	0	0	0	0
"YDR129C"	0	0	0	0	0	0	0	0	0	1	2	0	0	0	0	0	0	0	0	0	0	0	0	0	0	0	0	0	0	0	0	0	1	0
"YDR216W"	0	0	0	0	0	0	0	0	0	0	0	0	0	0	0	1	0	0	0	0	0	0	1	0	0	0	0	0	0	0	0	0	0	0
"YKR100C"	1	1	0	0	0	0	0	0	0	0	0	0	0	0	0	0	0	0	0	0	0	0	0	0	0	0	0	0	0	0	0	0	0	0
"YBR081C"	0	0	0	0	0	0	0	0	0	1	0	0	0	0	0	0	0	0	0	0	0	0	0	0	0	0	0	0	0	0	0	0	0	0
"YER167W"	0	0	0	0	0	0	0	2	0	0	0	0	0	0	0	0	0	0	0	0	0	0	0	0	0	0	0	0	0	0	0	0	0	0
